SortID	ClutchFirstBorn	BroodID	RingID	Sex	TreatEarly	TreatLate	HatchDate	EggOrder	AssignedByEggSize	DeathDate	DeathAge	EggMass	ClutchOrder	BroodOrder	CageID	motherID	FatherID	Age_d0	ClutchSize_d0	Weight_d0	Age_d5	ClutchSize_d5	Weight_d5	Age_d10	ClutchSize_d10	Weight_d10	Tarsus_d10	Wing_d10	Age_d17	ClutchSize_d17	Weight_d17	Tarsus_d17	Wing_d17	Age_d35	ClutchSize_d35	Weight_d35	Tarsus_d35	Wing_d35	Weight_d65	Tarsus_d65	Wing_d65	Weight_d100	Tarsus_d100	Wing_d100	Weight_d150	Tarsus_d150	Wing_d150	Weight_d200	Tarsus_d200	Wing_d200	Weight_d400	Tarsus_d400	Wing_d400	Weight_d800	Tarsus_d800	Wing_d800	Weight_d1200	Weight_d1600	Tarsus_d1600	Wing_d1600	Weight_d2000
1	1	27_1	y303	F	L	H	22/06/2010	3	0	28/03/2015	1740	1.09	1	1	27	w686	w346	0	4	0.74	4	3	2.15	9	3	5.41	9.55	21.17	16	3	7.52	13.16	42	34	3	10.67	13.11	52.17	10.95	13.24	52.67	11.3	13.45	52.5	12.81	13.15	52.5	12.4	13.1	53.5	12.97	13.07	54.17	13.42	13.21	54	12.43	11.81	13.29	54	NA
2	1	1_1	y304	M	L	L	22/06/2010	2	0	NA	NA	0.93	1	1	1	w433	w603	0	1	0.55	5	1	3.12	10	1	7.47	12.08	29	17	1	9.07	14.15	46.17	35	1	11.31	14.07	55	11.58	14.18	55	11.77	14.19	56	11.49	14.05	55.5	12.58	13.92	55.5	12.88	14.08	57	13.16	14.08	55.5	12.21	12.28	14.16	55.5	11.51
3	1	9_1	y306	M	H	L	25/06/2010	1	0	NA	NA	0.83	1	1	9	y075	w631	0	2	0.6	5	2	3.25	10	2	8.9	11.57	28.5	17	2	10.3	13.86	48	35	2	11.61	13.91	57.83	12.56	13.43	58	12.17	13.58	58.5	12.03	13.53	57.5	12.78	13.7	57.83	12.74	13.51	58.83	12.59	13.55	57.5	13.45	12.99	13.48	50.17	13.03
4	0	9_1	y307	F	H	H	26/06/2010	3	0	05/08/2010	40	0.75	1	1	9	y075	w631	0	2	0.53	4	2	1.75	9	2	6.84	10.37	21	16	2	8.65	12.94	42	34	2	10.8	13.19	54.5	NA	NA	NA	NA	NA	NA	NA	NA	NA	NA	NA	NA	NA	NA	NA	NA	NA	NA	NA	NA	NA	NA	NA
5	0	27_1	y308	M	L	L	21/06/2010	2	0	09/04/2015	1753	1.08	1	1	27	w686	w346	0	4	0.7	5	3	1.76	10	3	5.31	9.01	18.5	17	3	7.57	13.32	40.67	35	3	10.83	13.72	54	11.67	13.76	55.33	11.63	13.71	55	11.2	13.36	55	11.6	13.41	54	11.16	13.5	57	11.76	13.54	55.5	13.02	12.21	13.56	55.83	NA
6	0	27_1	y309	F	L	H	21/06/2010	1	1	NA	NA	1.14	1	1	27	w686	w346	0	4	0.74	5	3	1.91	10	3	4.88	9.93	18.33	17	3	6.81	12.83	40	35	3	9.84	13.16	51.67	10.96	13.2	53	11.19	12.86	42	12.42	13.03	55	13.26	12.99	55.5	13.21	13.11	55	11.65	13.23	55.17	11.3	11.43	13.15	54.67	11.86
7	1	8_1	y310	F	H	L	29/06/2010	1	0	01/07/2013	1098	0.95	1	1	8	y082	w610	0	2	0.72	5	2	4.67	10	2	8.86	13.62	33	17	2	10.02	14.66	51.5	35	2	11.91	14.37	56	12.6	14.66	56.17	12.25	14.43	56.67	11.98	14.55	56.67	12.15	14.42	56.5	12.2	14.52	59	13.15	13.36	57.33	NA	NA	NA	NA	NA
8	0	8_1	y311	M	H	H	29/06/2010	3	1	19/11/2015	1969	0.89	1	1	8	y082	w610	0	2	0.64	5	2	4.04	10	2	8.13	13.28	30.83	17	2	9.23	13.72	49.83	35	2	10.73	13.87	55	10.69	13.84	55.83	10.97	13.74	56	10.74	13.57	55.67	11.13	13.4	55.5	11	13.35	57	11.48	13.38	56.5	12.96	14.1	13.53	56.17	NA
9	1	7_2	y312	M	H	L	13/07/2010	2	0	13/09/2010	62	1.09	2	1	7	w636	w348	0	5	0.75	6	5	3.35	11	5	8.06	13.21	29.5	18	5	10.52	13.59	46.83	36	5	11.19	13.81	55.17	NA	NA	NA	NA	NA	NA	NA	NA	NA	NA	NA	NA	NA	NA	NA	NA	NA	NA	NA	NA	NA	NA	NA
10	0	7_2	y314	M	H	H	13/07/2010	1	1	09/06/2015	1792	0.84	2	1	7	w636	w348	0	5	0.62	6	5	2.16	11	5	5.28	9.94	20.67	18	5	9.12	13.75	43	36	5	10.41	13.5	55.5	10.43	13.54	55	11.27	13.27	53	11.01	13.13	52	11.74	13.13	54.17	11.69	13.2	55	11.15	13.29	54.67	11.01	11.37	13.19	54.83	NA
11	0	7_2	y315	F	H	L	14/07/2010	3	0	NA	NA	0.97	2	1	7	w636	w348	0	5	0.73	5	5	2.25	10	5	6.42	11.53	22	17	5	10.44	13.99	44.33	35	5	11.73	14.19	56	11.91	13.45	56	11.67	13.86	55	13.4	13.89	55.5	12.53	13.97	55	13.05	13.94	56	13.32	13.92	55.17	13.84	12.67	13.91	55.5	16.19
12	1	13_2	y316	M	L	H	13/07/2010	2	0	NA	NA	1.07	2	1	13	w707	w583	0	3	0.66	6	2	2.38	11	2	6.1	11.15	24.33	18	2	8.65	13.6	45	36	1	9.48	13.23	55.5	12.06	12.96	55.33	11.93	13.13	55.67	12.76	13.47	55	11.33	13.56	55	12.9	13.03	56	12.37	13.39	55	12.91	14.92	13.47	55	13.11
13	1	2_2	y318	F	H	H	15/07/2010	1	0	16/10/2013	1189	1.04	2	1	2	w521	w337	0	2	0.72	5	2	3.95	10	2	9.17	13.52	30.83	17	2	10.59	14.4	49	35	1	11.9	14.54	57	13.43	14.66	57	13.37	14.43	57	14.39	14.28	57	12.69	14.26	56	14.09	14.22	57.5	14.41	14.15	59	NA	NA	NA	NA	NA
14	1	14_2	y320	M	H	L	15/07/2010	1	0	25/04/2011	284	1.03	2	1	14	w362	w403	0	1	0.67	5	1	3.23	10	1	9.41	12.94	26.83	17	1	11.41	14.1	46.17	35	1	11.67	14.27	58	11.66	14.11	58.5	11.45	13.82	58	11.37	13.91	56.67	10.35	13.66	55	NA	NA	NA	NA	NA	NA	NA	NA	NA	NA	NA
15	1	22_2	y323	M	L	L	15/07/2010	3	0	31/03/2015	1720	1.13	2	1	22	y062	w395	0	5	0.81	5	4	2.45	10	4	6.85	10.92	26	17	4	8.47	13.63	45.67	35	4	9.95	13.69	55.5	12.27	13.11	57.83	11.83	13.28	56	11.8	13.48	56.5	12.29	13.39	55.67	12.66	13.27	56	12.91	13.52	56.67	11.33	11.16	13.48	56	NA
16	1	23_2	y324	M	L	H	19/07/2010	1	0	NA	NA	0.96	2	1	23	w496	w560	0	6	0.72	5	3	3.27	10	3	8.08	12.39	30.17	17	3	9.88	13.78	48.17	35	3	11.09	13.78	56.5	12.31	13.73	56.5	11.58	13.78	56.5	11.92	13.66	56	11.67	13.7	56	11.83	13.7	56.33	11.93	13.69	57	12.02	12.01	13.91	56.33	12
17	0	23_2	y325	M	L	H	19/07/2010	2	1	NA	NA	0.96	2	1	23	w496	w560	0	6	0.64	5	3	2.85	10	3	6.63	10.87	26.83	17	3	9.42	12.65	48	35	3	11.54	12.18	57	12.46	12.57	58	12.1	12.56	57.17	13.31	12.52	55.17	12.15	12.38	55.5	13.67	12.46	57.5	13.12	12.23	57	13.15	12.4	12.7	57.67	12.41
18	0	23_2	y326	F	L	L	19/07/2010	3	1	12/02/2016	2034	0.95	2	1	23	w496	w560	0	6	0.63	5	3	2.01	10	3	5.59	10.68	24.17	17	3	8.34	12.79	45.5	35	3	10.43	12.72	55	10.91	12.87	54.17	11.06	12.72	54	11.02	12.89	54.33	11.29	12.81	55	11.2	12.9	55	11.45	12.52	55	11.21	11.42	12.83	55.17	11.05
19	1	28_2	y327	M	L	L	19/07/2010	1	0	NA	NA	0.81	2	1	28	w578	w800	0	1	0.58	5	1	2.86	10	1	7.66	10.92	26.5	17	1	10.21	13	46	35	1	10.38	12.69	54.5	12.58	13.08	54.5	13	12.74	53.67	13.34	12.68	54	13.93	12.89	54.33	14.29	12.83	55	14.76	12.88	54.5	14.2	12.49	12.85	53.83	12.17
20	0	7_2	y328	F	H	H	15/07/2010	4	0	12/01/2015	1642	0.92	2	1	7	w636	w348	0	5	0.67	4	5	1.72	9	5	4.84	10.09	18	16	5	9.72	14.21	42.17	34	5	11.64	14.44	55.5	11.92	13.73	55.5	12.03	13.75	55	14.18	13.99	54	13.79	14.18	54.5	13.95	14.16	55.5	13.81	14.24	55.67	14.99	13.94	14.34	56	NA
21	0	7_2	y329	M	H	L	16/07/2010	5	0	24/08/2010	39	0.86	2	1	7	w636	w348	0	5	0.61	3	5	1.38	8	5	3.57	8.21	11.83	15	5	9.12	13.3	36	33	5	11.35	13.43	56.83	NA	NA	NA	NA	NA	NA	NA	NA	NA	NA	NA	NA	NA	NA	NA	NA	NA	NA	NA	NA	NA	NA	NA
22	0	22_2	y330	F	L	H	16/07/2010	5	0	19/08/2015	1860	1.12	2	1	22	y062	w395	0	5	0.82	4	4	1.45	9	4	3.95	8.87	16	16	4	7.56	13.39	41	34	4	9.19	13.41	56	11.17	13.09	56.17	11.12	13.32	55.5	12	13.55	54.67	12.38	13.53	56	12.8	13.43	56.5	13.22	13.4	56.5	12.76	11.83	13.64	55.5	NA
23	0	22_2	y331	M	L	H	16/07/2010	4	1	NA	NA	1.09	2	1	22	y062	w395	0	5	0.78	4	4	1.94	9	4	6.15	10.16	21.83	16	4	8.68	13.47	44	34	4	10.69	13.03	55.83	12.19	13.5	56.83	12.01	13.46	55.17	11.8	13.51	56	11.75	13.57	56	11.58	13.52	55	11.49	13.61	55	10.82	11.2	13.44	56.33	12.51
24	0	22_2	y332	M	L	L	15/07/2010	2	1	NA	NA	1.14	2	1	22	y062	w395	0	5	0.9	5	4	2.74	10	4	6.99	10.69	20.33	17	4	9.34	13.92	45.83	35	4	11.2	13.33	54.83	13.2	13.8	55.5	12.15	13.34	56	12.61	13.08	55.5	12.09	13.64	56	12.49	13.65	57	13.31	13.64	56.67	11.86	12.59	13.78	56.67	13.03
25	1	30_2	y333	F	H	L	22/07/2010	2	0	10/08/2015	1845	1.07	2	1	30	y081	w690	0	5	0.74	5	4	4.16	10	4	9.76	12.96	29	17	4	10.79	14.16	47.17	35	2	12.03	14.17	55.17	12.98	13.82	56	12.61	13.73	55	12.57	13.75	55.17	13	13.79	54.83	12.48	13.69	55.17	14.77	13.67	55.67	13.35	10.93	13.86	56	NA
26	1	12_2	y336	F	L	H	23/07/2010	1	0	26/06/2014	1434	0.95	2	1	12	w408	w518	0	3	0.67	5	2	2.84	10	2	6.75	11.68	26	17	2	9.41	13.6	45	35	2	10.29	13.59	55	11.97	13.77	55	12.8	13.47	55	13.17	13.59	55.5	14.8	13.67	55.67	14.25	13.58	56.5	15.22	13.58	56	11.1	NA	NA	NA	NA
27	0	12_2	y337	F	L	L	23/07/2010	3	1	02/05/2013	1014	0.94	2	1	12	w408	w518	0	3	0.59	5	2	2.84	10	2	6.41	11.81	26	17	2	8.51	13.78	46.5	35	2	10.33	13.36	53.5	10.97	13.65	56	12.24	13.44	57	13.4	13.5	56	13.74	13.67	56	13.36	13.65	52.83	13.77	13.56	57	NA	NA	NA	NA	NA
28	1	43_2	y338	F	L	H	29/07/2010	2	0	28/01/2012	548	0.88	2	1	43	w660	w615	0	3	0.62	5	3	2.47	10	3	5.54	11.72	27	17	3	7.77	13.33	45.5	35	3	9.98	13.03	59	11.39	12.91	54.5	11.17	12.73	54.17	12.39	13	54	12.02	12.96	55	13.06	12.89	55	NA	NA	NA	NA	NA	NA	NA	NA
29	0	43_2	y339	M	L	L	30/07/2010	3	0	NA	NA	0.87	2	1	43	w660	w615	0	3	0.72	5	3	1.75	10	3	4.58	10.87	22	17	3	6.7	12.38	43.83	35	3	8.81	13.05	55.5	10.35	12.59	55.5	9.94	12.88	55	10.23	12.81	54.5	10.55	12.72	56	10	12.86	56	9.66	13.1	55.83	9.93	12.16	13.18	56	10.29
30	0	30_2	y340	F	H	H	24/07/2010	4	0	15/09/2010	53	0.98	2	1	30	y081	w690	0	5	0.53	3	4	1.33	8	4	3.22	7.95	11	15	4	8.54	12.17	31.33	34	2	9.24	13.47	53.5	NA	NA	NA	NA	NA	NA	NA	NA	NA	NA	NA	NA	NA	NA	NA	NA	NA	NA	NA	NA	NA	NA	NA
31	0	43_2	y341	M	L	L	28/07/2010	1	0	NA	NA	0.83	2	1	43	w660	w615	0	3	0.51	6	3	1.69	11	3	4.03	10.74	20.5	18	3	6.79	12.21	43.17	36	3	9.34	13.74	55	10.85	12.37	56	10.3	12.33	55.5	10.06	12.54	55.5	10.51	12.47	56.67	10.8	12.53	56	10.53	12.63	56.33	12.27	12.51	12.78	56.33	11.72
32	1	16_3	y342	M	H	H	08/08/2010	2	0	10/02/2014	1282	1.02	3	1	16	w658	w340	0	4	0.74	5	4	2.75	10	3	7.06	11.99	25.33	17	3	10.4	14.17	46.17	35	3	11.49	13.8	56.67	12	13.61	57	12.58	13.7	56.5	12.28	13.72	56.5	12.12	13.63	56.5	11.67	13.65	56.17	12.71	13.59	55	13.7	NA	NA	NA	NA
33	0	16_3	y343	F	H	L	08/08/2010	1	1	15/10/2012	799	0.97	3	1	16	w658	w340	0	4	0.73	5	4	3.58	10	3	8.39	12.78	29.5	17	3	11.23	14.17	47	35	3	12.02	14.25	56	12.74	13.29	55.5	13.42	13.56	55	14.38	13.57	54.67	14.1	13.43	54	13.82	13.49	52	NA	NA	NA	NA	NA	NA	NA	NA
34	0	16_3	y344	F	H	H	09/08/2010	4	0	13/10/2015	1891	1.01	3	1	16	w658	w340	0	4	0.71	4	4	1.73	9	3	3.4	7.02	10.5	16	3	10.27	14.06	35.5	34	3	11.69	14.38	55	11.27	13.74	55	12.99	13.17	55.17	11.72	13.88	54.67	11.83	13.65	55.5	13.3	13.7	55.83	12.81	13.67	56	13.2	14.69	13.63	55	NA
35	1	27_2	y345	F	H	L	16/08/2010	5	0	24/09/2012	770	0.98	2	2	27	w686	w346	0	3	0.72	5	3	4.82	10	3	9.72	13.03	32	17	3	10.93	13.94	49	35	3	11.59	13.84	56.5	11.9	13.61	56.5	13.37	13.72	57	13.76	13.65	56	14.16	13.64	56	13.31	13.68	57	NA	NA	NA	NA	NA	NA	NA	NA
36	0	27_2	y346	M	H	H	15/08/2010	2	0	NA	NA	0.9	2	2	27	w686	w346	0	3	0.57	6	3	3.55	11	3	8.19	12.17	25.17	18	3	10.4	14.01	45.5	36	3	11	14.03	55	11.49	14.15	55	11.32	14.21	54.5	12	14.25	54.17	12.28	13.98	54.67	11.96	14.09	55.17	12.8	14.14	54.67	12.7	12.93	14.22	55.17	13.83
37	1	1_2	y347	F	H	L	18/08/2010	3	0	NA	NA	1.01	2	2	1	w433	w603	0	3	0.97	5	3	4.78	10	3	9.78	13.83	35	17	3	10.27	13.54	50	35	3	11.4	14.07	55	13.6	13.97	55	12.83	13.89	55.67	12.77	13.77	53.67	12.14	13.67	54.5	13.7	13.82	55.17	15.3	13.75	55.33	15.96	16.85	13.75	55.33	15.6
38	0	1_2	y348	M	H	L	17/08/2010	1	0	06/11/2014	1542	0.97	2	2	1	w433	w603	0	3	0.78	6	3	5.39	11	3	10.21	13.74	38.5	18	3	9.49	14	51.5	36	3	11.23	14.09	57.17	11.5	13.13	57	10.79	13.8	57	11.28	13.74	56.5	11.3	13.81	56.5	11.73	13.85	58.17	13.36	13.85	57.5	12.05	NA	NA	NA	NA
39	0	1_2	y349	F	H	H	19/08/2010	4	0	14/08/2014	1456	1.04	2	2	1	w433	w603	0	3	0.96	4	3	3.61	9	3	8.82	13.3	34	16	3	9.49	13.12	48	34	3	11.27	14	55	12.79	13.69	55.5	12.85	13.85	55.67	12.87	13.64	55.5	13.56	13.68	55	12.62	13.63	57	14.06	13.66	56	12.97	NA	NA	NA	NA
40	1	18_2	y350	M	L	H	22/08/2010	4	0	NA	NA	0.97	2	1	18	w671	y076	0	4	0.66	5	2	3.37	10	2	6.64	11.08	21.5	17	2	9.73	13.21	43.83	35	2	10.11	13.65	55	10.73	13.58	54.17	10.87	13.57	55	11.48	13.44	54	11.32	13.36	55	11.5	13.49	56	11.55	13.59	55.33	11.76	11.24	13.63	55.5	11.97
41	0	18_2	y351	M	L	L	22/08/2010	2	1	30/09/2010	39	0.93	2	1	18	w671	y076	0	4	0.59	5	2	2.03	10	2	7.9	13.56	27.17	17	2	9.35	14.16	48.17	35	2	10.34	14.04	56.17	NA	NA	NA	NA	NA	NA	NA	NA	NA	NA	NA	NA	NA	NA	NA	NA	NA	NA	NA	NA	NA	NA	NA
42	0	27_2	y353	F	H	H	17/08/2010	6	0	01/10/2014	1506	1.08	2	2	27	w686	w346	0	3	0.67	4	3	1.92	9	3	4.41	8.31	16.83	16	3	8.4	12.54	41.5	34	3	9.28	12.54	52	10.54	11.98	51.5	10.47	12.88	52.17	10.81	12.46	55.17	10.59	12.37	53	11.1	12.35	52.17	10.18	12.3	49.83	9.65	NA	NA	NA	NA
43	1	40_3	y355	M	H	H	23/08/2010	3	0	20/06/2014	1397	0.8	3	1	40	w699	y065	0	4	0.53	5	4	2.79	10	4	6.87	12.58	18.67	17	4	9.26	13.58	44.67	35	4	10.38	13.19	54	10.8	13.22	53.5	10.74	13.15	53	11.14	12.95	53	10.98	13.05	53.67	11.31	13.03	53.67	14.16	12.98	53	12.43	NA	NA	NA	NA
44	0	40_3	y356	M	H	H	23/08/2010	1	1	02/06/2011	283	0.93	3	1	40	w699	y065	0	4	0.63	5	4	4.42	10	4	8.47	13.75	29.5	17	4	10	13.94	43	35	4	11.08	14.05	55	11.55	13.94	55.5	12.65	14.11	55.5	13.06	14.11	55.67	12.77	13.94	56	NA	NA	NA	NA	NA	NA	NA	NA	NA	NA	NA
45	0	40_3	y357	M	H	L	24/08/2010	4	0	30/05/2016	2106	0.9	3	1	40	w699	y065	0	4	0.7	4	4	3.16	9	4	7.13	11.91	26	16	4	9.2	13.29	46	34	4	10.56	13.6	53	10.51	13.04	54.83	11.25	12.96	54	12.15	12.97	54.5	12.34	12.87	54	12.11	13.05	53.83	11.39	13.25	55.33	11.64	12.25	12.96	54.67	11.68
46	0	40_3	y358	M	H	L	22/08/2010	2	0	04/09/2014	1474	0.84	3	1	40	w699	y065	0	4	0.51	6	4	2.82	11	4	6.84	11.07	22.5	18	4	9.9	13.35	44.5	36	4	10.73	13.26	54.5	11.63	13.05	53.5	11.22	12.92	54	11.98	13	53.5	11.78	13.09	54	13.33	13.1	55	14.03	13.08	55	13.32	NA	NA	NA	NA
47	1	8_2	y359	M	L	L	23/08/2010	2	0	NA	NA	1.17	2	2	8	y082	w610	0	3	0.8	6	3	3.37	11	3	7.06	11.5	30.5	18	3	9.28	14.26	49.5	36	2	9.5	13.98	55.33	10.94	14.02	56	11.36	13.65	55.17	11.02	13.79	55.5	11.11	13.83	55.5	10.86	14.01	56.67	11.16	14.02	56	11.08	10.67	14	48.5	10.66
48	0	8_2	y360	M	L	H	24/08/2010	3	0	28/12/2015	1952	1.02	2	2	8	y082	w610	0	3	1.09	5	3	2.96	10	3	6.68	11.02	29.5	17	3	9.34	14.29	49.17	35	2	11.46	14.28	57	11.13	14.22	57.5	11.09	14.28	57.5	11.03	14.08	57.33	11.43	14.02	58.5	10.84	14.08	60	11.43	14.14	60	11.98	11.75	14.2	60	NA
49	1	11_3	y362	M	L	H	28/08/2010	7	0	NA	NA	1.1	3	1	11	y064	w544	0	3	0.8	5	3	3.92	10	3	7.29	12.03	29.5	17	3	9.54	13.66	47.5	35	2	10.53	13.66	57	10.93	13.63	55	11.05	13.55	56.5	11	13.62	56	11.45	13.21	55.83	11.14	13.67	57.5	12.45	13.49	56	11.82	11.83	13.66	56.33	11.19
50	1	39_2	y363	F	L	L	26/08/2010	5	0	NA	NA	1	2	1	39	w685	w713	0	4	0.77	8	3	5.09	13	3	7.77	13.22	35.17	20	3	9.19	13.09	48.5	38	3	10.21	12.83	53.5	11.19	13.32	52.67	10.76	13.1	53	11.08	12.98	53	10.96	13.03	53.17	10.99	13.1	50.67	10.04	13.25	55	11.15	10.18	13.01	53.5	10.36
51	1	56_1	y364	F	H	L	30/08/2010	1	0	08/08/2015	1804	0.93	1	1	56	w503	w344	0	3	0.64	6	3	3.83	11	3	9.61	13.79	31.83	18	3	10.78	14.48	49.33	36	3	12.46	13.78	59	12.86	14.24	58	12.84	14.02	58.5	13.07	14.06	58	12.99	13.82	59	14.04	13.83	58.5	14.22	13.68	58.83	14.09	12.55	14	47	NA
52	0	56_1	y365	M	H	H	31/08/2010	2	0	23/05/2014	1361	0.93	1	1	56	w503	w344	0	3	0.76	5	3	3.51	10	3	9.28	13.2	32	17	3	10.14	13.72	47.67	35	3	11.32	13.54	58	11.94	13.49	58	12.83	13.34	58	13.15	13.34	57.5	13.45	13.45	57	13.77	13.3	57	13.6	13.3	55.67	14.04	NA	NA	NA	NA
53	0	56_1	y366	M	H	L	31/08/2010	3	1	25/12/2014	1577	0.95	1	1	56	w503	w344	0	3	0.83	5	3	3.95	10	3	9.81	13.59	33	17	3	11.24	14.67	50.83	35	3	12.13	14.27	59	13.78	14.37	58.67	12.49	14.36	59.17	14.11	14.38	58	13.16	14.39	58.5	13.39	14.17	57.5	14.47	14.15	57	13.58	NA	NA	NA	NA
54	1	25_2	y368	M	H	H	27/08/2010	2	0	07/03/2016	2019	0.92	2	1	25	y084	w493	0	1	0.71	5	1	2.67	10	1	7.17	9.47	20	17	1	9.76	13.57	42.5	35	1	10.43	13.37	55	10.48	12.95	55.67	11.23	12.86	55.5	10.93	12.7	55	11.05	12.73	55	10.57	12.87	56	12.05	12.87	55	12.08	11.86	12.86	56	11.6
55	0	11_3	y370	M	L	L	29/08/2010	10	0	NA	NA	1.04	3	1	11	y064	w544	0	3	0.76	4	3	1.96	9	3	4.22	8.92	20	16	3	7.76	13.14	42	34	2	10.6	13.34	56	10.88	13.36	55	10.55	13.46	54.83	10.97	13.47	55.17	10.71	13.08	56.67	10.81	13.09	56.5	11.12	13.28	57	11.52	11.88	13.15	56.33	11.82
56	0	39_2	y372	F	L	H	30/08/2010	2	0	10/03/2015	1653	1.05	2	1	39	w685	w713	0	4	1.04	3	3	1.5	8	3	2.57	7.62	9	15	3	7.49	11.43	34.67	33	3	8.53	12.16	54.5	10.92	11.87	54.5	11.72	11.86	52	11.52	11.86	52	10.89	12	55.5	11.64	11.98	55.5	14.21	12.93	56	12.77	14.34	11.84	55.5	NA
57	0	39_2	y373	F	L	H	29/08/2010	6	0	09/06/2013	1015	1.01	2	1	39	w685	w713	0	4	0.82	5	3	1.83	10	3	3.58	9.02	16.5	17	3	8.39	13.19	40.5	35	3	10.42	12.75	54.5	11.61	12.9	54.83	13.07	12.65	54.83	13.14	12.6	54	11.87	12.63	54.5	13.78	12.67	55.17	11.33	12.62	55.17	NA	NA	NA	NA	NA
58	1	60_1	y375	F	H	H	08/09/2010	2	0	17/06/2013	1013	1.02	1	1	60	w504	w647	0	2	0.76	5	2	4.1	10	2	9.9	13.03	32.67	17	2	10.5	13.68	49	35	2	12.99	14.06	56	13.05	13.63	57	13.7	13.48	56.67	15.38	13.5	56	14.43	13.39	55.5	14.9	13.53	58.17	15.75	13.57	55.83	NA	NA	NA	NA	NA
59	0	60_1	y376	M	H	L	08/09/2010	1	1	12/04/2016	2043	1.06	1	1	60	w504	w647	0	2	0.61	4	2	3.84	9	2	9.19	12.44	28	16	2	9.91	13.28	47.83	34	2	11.35	13.79	56	11.32	13.25	56	11.99	13.12	55	11.86	13.11	55	11.5	12.58	55	11.74	12.84	55.83	12.07	12.96	55.67	12.23	11.71	13.13	56.83	12.57
60	1	7_3	y377	F	L	H	10/09/2010	2	0	10/08/2015	1795	0.92	3	2	7	w636	w348	0	4	0.67	6	2	2.16	11	2	5.49	10.52	19.5	18	2	8.26	13.6	42	36	2	11.19	13.46	54.5	11.55	13.36	55.5	11.46	13.27	55.33	11.42	13.61	55	11.06	13.99	55	12.31	13.84	55.67	13.82	13.86	55	12.93	12.13	13.73	55.17	NA
61	0	7_3	y378	F	L	L	11/09/2010	1	0	24/02/2014	1262	0.87	3	2	7	w636	w348	0	4	0.83	5	2	2.93	10	2	7.57	12.39	22	17	2	10.21	14.48	46.17	35	2	11.38	13.64	56	12.48	13.15	56.5	12.3	13.39	56	12.76	13.96	55.5	12.17	13.95	56	12.52	14	56.17	12.82	14.02	56.83	13.38	NA	NA	NA	NA
62	1	65_1	y379	F	L	L	12/09/2010	1	0	28/03/2015	1658	1.01	1	1	65	w379	w590	0	2	0.65	5	2	3.26	10	2	6.65	11.18	27	17	2	7.97	12.27	45	35	2	10.54	12.54	53	11.04	12.1	53	11.25	12.27	53.17	11.48	12.54	52.5	11.78	12.47	54	12.47	12.47	55	11.19	12.47	53	12.47	12.29	12.36	53.83	NA
63	1	23_3	y382	M	H	H	13/09/2010	3	0	22/11/2015	1896	0.88	3	2	23	w496	w560	0	4	0.78	7	2	8.16	12	2	11.23	13.62	40	17	2	10.77	14.22	52.67	35	2	12.54	14.06	57.5	13.27	14.15	58.5	15.1	14.36	58	13.77	14.3	56	14.71	14.4	58	15.35	14.33	57.67	14.59	14.3	56	15.24	14.35	14.43	56.83	NA
64	0	23_3	y383	M	H	L	15/09/2010	5	0	NA	NA	0.91	3	2	23	w496	w560	0	4	0.89	3	2	5.08	8	2	10.28	13.53	31	15	2	10.21	14.06	46.5	33	2	12.16	14.08	55	11.97	13.92	56	12.41	13.92	55.67	12.59	13.85	55	11.82	13.75	55.67	12.1	13.71	56	12.37	13.87	56.5	12.86	12.68	13.63	56.5	14.29
65	1	58_1	y384	F	H	H	15/09/2010	3	0	23/01/2014	1226	0.92	1	1	58	w716	w412	0	3	0.7	6	3	4.43	11	3	9.94	14.09	33	18	3	11.03	14.3	49.83	36	3	12.26	14.35	57	13.28	14.47	58	13.9	14.24	57.5	15.24	14.03	57.5	17.06	14.02	57.83	16.65	14.13	57.67	16.87	14.1	57.5	14.85	NA	NA	NA	NA
66	0	58_1	y385	M	H	L	16/09/2010	4	0	14/06/2016	2098	0.88	1	1	58	w716	w412	0	3	0.68	5	3	3.37	10	3	9.19	12.69	31	17	3	9.68	14.24	48.5	35	3	11.69	14.19	57	11.95	13.76	58.5	12.41	13.83	57	12.26	13.96	57	12.12	13.96	56.67	13.99	13.98	58.5	14.91	14.03	56.83	12.83	12.7	14.05	57.33	11.66
67	0	58_1	y386	F	H	H	17/09/2010	5	0	18/09/2015	1827	0.89	1	1	58	w716	w412	0	3	0.74	4	3	2.25	9	3	8.56	13.18	25.5	16	3	10.14	14.94	45.5	34	3	11.21	14.84	56.5	12.08	14.87	57	12.36	14.65	57	13.21	14.63	56.5	13.26	14.68	56.5	14.72	14.6	57	12.66	14.59	55.67	13.54	12.48	14.66	56	NA
68	0	65_1	y387	M	L	H	13/09/2010	2	0	NA	NA	0.9	1	1	65	w379	w590	0	2	0.71	4	2	2.5	9	2	5.13	10.91	24	16	2	7.83	13.12	43.83	34	2	10.64	13.06	54	12.32	13.31	55	12.06	12.95	54.5	11.91	12.99	54.5	11.95	13.29	55	14.64	13.05	56	16.2	13.29	55.33	15.62	15.47	13.38	55	15.42
69	1	12_3	y388	M	H	L	22/09/2010	1	0	27/01/2014	1223	0.96	3	2	12	w408	w518	0	1	0.76	5	1	3.4	10	1	9.92	12.46	29.33	17	1	9.9	13.71	47	35	1	10.83	14.1	56	11.55	14.16	56.5	11.95	14	56.17	12.29	13.92	56.5	11.62	13.93	57	12.05	13.89	57.5	12.56	13.85	57.17	11.53	NA	NA	NA	NA
70	1	29_4	y389	F	L	L	17/09/2010	6	0	22/10/2010	35	0.91	4	1	29	w497	w624	0	4	0.62	4	3	2.06	9	3	3.59	8.06	12	16	3	8.2	13.19	39	34	2	10.8	13.79	55	NA	NA	NA	NA	NA	NA	NA	NA	NA	NA	NA	NA	NA	NA	NA	NA	NA	NA	NA	NA	NA	NA	NA
71	0	29_4	y391	M	L	H	15/09/2010	3	0	22/10/2010	37	0.99	4	1	29	w497	w624	0	4	0.63	6	3	2.05	11	3	1.43	9.81	17.5	18	3	8.64	13.67	42	36	2	10.06	13.97	54.5	NA	NA	NA	NA	NA	NA	NA	NA	NA	NA	NA	NA	NA	NA	NA	NA	NA	NA	NA	NA	NA	NA	NA
72	1	9_3	y392	M	L	L	01/10/2010	3	0	NA	NA	0.85	3	2	9	y075	w631	0	1	0.65	5	1	4.14	10	1	8.5	12.58	30.5	17	1	9.96	13.46	46.5	35	1	11.2	13.87	55.33	11.49	13.85	55	11.34	13.84	55	11.99	13.64	54	11.81	13.63	56	11.47	13.61	52	11.91	13.75	54.83	12.5	14.87	13.71	56	14.63
73	1	16_4	y393	M	L	H	04/10/2010	2	0	05/05/2015	1674	1.01	4	2	16	w658	w340	0	4	0.66	5	4	2.99	10	3	6.71	11.64	27.17	17	3	8.86	13.5	41	35	3	10.46	12.76	55	11.64	13.56	55	11.6	13.59	54.5	11.38	13.47	55.5	11.33	13.82	55.5	11.26	13.47	56	12.82	13.58	56.67	12.64	11.96	13.65	55.5	NA
74	1	69_1	y395	F	H	L	03/10/2010	3	0	03/11/2015	1857	1.1	1	1	69	w625	w648	0	2	0.75	6	2	5.98	11	2	10.77	14.58	35.5	18	2	10.51	14.25	50.17	36	2	12.55	14.58	57	13.94	14.36	57	12.92	14.46	56.5	13.33	14.3	49.5	12.85	14.42	50.5	13.45	13.4	55.67	13.87	14.37	57.17	13.35	14.11	14.47	56	NA
75	0	69_1	y396	F	H	H	05/10/2010	5	0	28/07/2016	2123	1.12	1	1	69	w625	w648	0	2	0.78	4	2	3.63	9	2	9.7	13.06	29.5	16	2	10.1	13.76	48	34	2	12.69	13.81	57	13.45	13.6	56.67	14.47	13.48	56.33	13.79	13.59	55.5	14.57	13.66	56.17	14.22	13.49	57.17	15.03	13.62	57	14.99	15.58	13.59	56.33	14.14
76	1	63_1	y397	M	L	H	27/09/2010	4	0	06/11/2010	40	0.94	1	1	63	w711	w384	0	2	0.59	5	2	1.7	10	2	3.52	6.83	10.5	17	2	6.48	12.01	32.83	35	2	10.04	12.05	52	NA	NA	NA	NA	NA	NA	NA	NA	NA	NA	NA	NA	NA	NA	NA	NA	NA	NA	NA	NA	NA	NA	NA
77	0	63_1	y398	F	L	L	27/09/2010	3	1	NA	NA	0.94	1	1	63	w711	w384	0	2	0.59	5	2	2.08	10	2	4.56	8.95	13	17	2	7.26	13.09	38.5	35	2	9.79	13.09	54.5	10.54	13.47	56	11.33	13.32	56	10.6	13.17	55	10.66	13.12	56.5	10.69	13.38	56.33	11.33	13.32	56.67	11.58	12.72	13.21	55.83	11.4
78	1	31_5	y399	F	L	L	05/10/2010	1	0	31/03/2014	1273	1.07	5	1	31	w152	w704	0	3	0.65	6	2	3.2	11	2	7.93	11.51	28.17	18	2	11.04	14.07	46.67	37	2	11.58	14.01	57	12.67	14.22	56.67	13.5	14.05	56.5	13.05	14.04	56	13.57	14.06	55.5	15.12	14.01	56.5	14.62	14.08	56.5	14.22	NA	NA	NA	NA
79	0	31_5	y400	M	L	H	06/10/2010	1	0	NA	NA	1.08	5	1	31	w152	w704	0	3	0.69	5	2	3.07	10	2	6.78	10.58	24.5	17	2	10.52	13.02	45.17	36	2	11.81	13.53	55.83	12.49	13.53	55	12.34	13.35	54.67	12.59	13.33	55	12	13.45	54	12.46	13.24	55.33	13.95	13.33	55	15.24	16.7	13.27	54.67	13.63
80	1	10_3	y401	M	L	H	03/10/2010	5	0	10/11/2010	38	0.88	3	1	10	y074	w331	0	1	0.56	5	1	1.53	10	1	3.2	7.92	10.67	17	1	7.78	12.77	31.83	35	1	9.08	13.21	51.67	NA	NA	NA	NA	NA	NA	NA	NA	NA	NA	NA	NA	NA	NA	NA	NA	NA	NA	NA	NA	NA	NA	NA
81	0	16_4	y402	F	L	H	04/10/2010	3	1	10/11/2010	37	1.06	4	2	16	w658	w340	0	4	0.74	5	4	2.24	10	3	4.16	9.17	18	17	3	5.95	12.48	39.33	35	3	9.6	12.51	53.17	NA	NA	NA	NA	NA	NA	NA	NA	NA	NA	NA	NA	NA	NA	NA	NA	NA	NA	NA	NA	NA	NA	NA
82	0	16_4	y403	M	L	L	05/10/2010	4	0	25/03/2012	537	1	4	2	16	w658	w340	0	4	0.74	4	4	1.96	9	3	4.75	9.76	17.83	16	3	7.97	12.38	42	34	3	10.77	13.21	54	11.46	13.4	54.5	11.96	13.17	54.5	11.79	13.41	53	12.12	13.38	54	13.49	13.2	55	NA	NA	NA	NA	NA	NA	NA	NA
83	1	57_2	y404	M	H	L	11/10/2010	3	0	NA	NA	1.12	2	1	57	w576	w656	0	2	0.8	5	2	3.34	10	2	8.14	12.8	21.5	17	2	9.32	14.11	45.33	35	2	10.23	14.02	55	11.51	14.29	55	11.27	13.87	54.33	11.58	13.62	55	11.64	13.8	54.17	11.68	13.81	55.33	13.62	13.81	54.67	12.3	12.69	13.7	54.17	11.39
84	1	55_2	y406	M	L	H	14/10/2010	2	0	05/08/2016	2122	0.82	2	1	55	w693	w542	0	4	0.6	6	3	2.51	11	3	5.98	10.83	24	18	3	8.38	12.54	46	36	1	9.28	12.69	54	10.4	12.7	54.5	10.56	12.53	55.17	10.72	12.53	54.33	10.59	12.45	56	11.01	12.44	56	12.81	12.66	56	12.85	11.07	12.63	55	NA
85	1	40_4	y409	NA	L	L	18/10/2010	2	0	09/12/2010	52	0.89	4	2	40	w699	y065	0	3	0.53	6	3	2.65	11	3	5.77	11.86	23	18	3	8.36	13.46	47.17	36	3	9.99	13.6	55	NA	NA	NA	NA	NA	NA	NA	NA	NA	NA	NA	NA	NA	NA	NA	NA	NA	NA	NA	NA	NA	NA	NA
86	0	57_2	y410	F	H	H	12/10/2010	4	0	NA	NA	1.08	2	1	57	w576	w656	0	2	0.76	4	2	2.34	9	2	7.69	11.51	23	16	2	9.47	14.05	45	34	2	11.63	14.27	57.17	12.13	13.91	56.5	12.15	13.82	57	12.27	13.77	56.5	11.67	13.66	56.5	11.57	13.68	56	12.77	13.68	57.5	13.21	13.02	13.78	57	13.32
87	1	43_4	y413	M	H	L	21/10/2010	3	0	NA	NA	0.85	4	2	43	w660	w615	0	2	0.49	5	1	2.05	10	1	7.59	11.5	21.67	17	1	9.83	13.38	43.5	35	1	10.58	13.3	55	11.2	13.54	55.33	10.74	13.12	55	10.92	13.23	55.67	10.02	13.31	56.5	10.55	13.12	56.5	11.14	13.25	57	11.23	13.9	13.29	55.5	11.43
88	1	4_4	y414	F	H	H	21/10/2010	2	0	22/11/2015	1858	0.91	4	1	4	y195	w464	0	2	0.72	5	2	4.23	10	2	9.74	13.44	31.17	17	2	9.56	13.54	48	35	2	10.12	13.84	54.67	11.41	13.27	54.83	11.93	13.53	54.5	12.46	13.1	54	11.79	13.29	55	13.8	13.52	55	12.29	13.54	55.17	11.54	10.8	13.72	43.33	NA
89	0	4_4	y415	M	H	L	21/10/2010	1	1	25/02/2014	1223	0.91	4	1	4	y195	w464	0	2	0.52	5	2	3.31	10	2	8.84	12.63	28.83	17	2	9.42	13.38	47	35	2	10.06	13.6	53.67	10.49	13.37	53.5	10.43	13.39	53.67	10.53	13.45	53.5	10.75	13.35	52.5	11.27	13.32	54.5	11.68	13.32	55.17	NA	NA	NA	NA	NA
90	1	30_4	y418	F	L	L	19/10/2010	1	0	24/11/2010	36	1.13	4	2	30	y081	w690	0	3	0.74	5	3	2.42	10	2	3.55	7.33	18	17	2	8.87	13.03	41.67	35	1	8.7	13.54	55.5	NA	NA	NA	NA	NA	NA	NA	NA	NA	NA	NA	NA	NA	NA	NA	NA	NA	NA	NA	NA	NA	NA	NA
91	0	40_4	y420	M	L	H	19/10/2010	4	0	NA	NA	0.85	4	2	40	w699	y065	0	3	0.76	5	3	2.63	10	3	6.38	11.82	20	17	3	8.67	13.37	46.17	35	3	9.38	13.49	53.5	11.28	13.5	54	11.83	13.62	53.83	12.03	13.56	53.5	11.74	13.74	53.5	13.08	13.65	53.5	13.21	13.61	54	12.68	12.26	13.79	53.5	12.18
92	1	11_4	y422	F	H	L	26/10/2010	1	0	06/02/2012	468	0.9	4	2	11	y064	w644	0	3	0.59	5	3	3.49	10	3	7	10.58	24.17	17	3	9.31	13.17	46	35	3	11.25	13.58	55	11.76	12.88	55.83	11.98	13.12	55.5	11.79	13.24	55	11.81	13.27	55	11.94	13.28	56	NA	NA	NA	NA	NA	NA	NA	NA
93	0	11_4	y423	F	H	H	26/10/2010	2	1	NA	NA	0.87	4	2	11	y064	w644	0	3	0.54	5	3	3.54	10	3	8.62	12.15	26	17	3	10.93	14.09	47	35	3	11.59	14.51	56.5	12.34	14.44	57	12.76	14.35	57	13.25	14.36	57.17	13.75	14.24	56.5	13.7	14.39	57	16.12	14.54	57	17.81	17.71	14.51	57.17	15.05
94	1	39_3	y424	M	H	H	25/10/2010	1	0	NA	NA	1.02	3	2	39	w685	w713	0	4	0.75	6	4	6.57	11	4	9.48	13.46	35	18	4	10.3	13.77	49	36	4	11.16	14.13	55.5	11.18	13.86	56	11.12	13.99	55.83	11.16	13.72	54.83	11.68	13.75	56	12.2	13.77	55.67	13.53	13.8	55	13.39	14.27	13.92	55.67	13.98
95	0	39_3	y425	M	H	L	26/10/2010	3	0	NA	NA	1.08	3	2	39	w685	w713	0	4	0.82	5	4	5.88	10	4	8.65	12.6	33	17	4	9.79	13.03	47	35	4	10.21	13.27	56	10.88	12.94	54.5	11.26	12.85	54	11.6	12.69	54.17	11.28	12.86	55.5	10.68	12.89	55.83	10.93	12.84	55.17	10.71	11.72	12.84	53.5	11.29
96	0	39_3	y426	M	H	L	26/10/2010	2	1	NA	NA	0.98	3	2	39	w685	w713	0	4	0.74	5	4	5.37	10	4	9.15	13.13	34.5	17	4	10.18	14.17	50.5	35	4	11.14	13.93	56	10.97	13.72	56.5	11.36	13.6	55.5	11.31	13.7	55.67	11.09	13.64	56	12.02	13.67	55	12.53	13.81	56.33	13.27	13.42	13.74	55	12.57
97	0	39_3	y427	M	H	H	27/10/2010	4	0	NA	NA	1.04	3	2	39	w685	w713	0	4	0.72	4	4	3.47	9	4	8.17	12.8	24.5	16	4	10.25	13.84	46	34	4	10.19	14.14	56.5	11.28	14.09	56.5	11.27	13.79	56	11.82	13.78	56.17	11.42	13.96	56.5	11.23	14.03	56.5	11.97	13.57	55.17	12.83	13.2	13.9	56.5	14.31
98	1	18_3	y430	M	H	H	20/10/2010	4	0	09/12/2014	1511	1.01	3	2	18	w671	y076	0	4	0.62	5	2	1.98	10	2	6.6	10.27	19	17	2	10.14	14.11	46	35	1	11.17	14.12	60	12.11	13.77	59	12.06	13.72	59	11.43	13.75	58.5	11.6	13.77	59.5	11.36	13.79	59.17	12.63	13.75	59.5	12.55	NA	NA	NA	NA
99	1	56_2	y431	F	L	H	30/10/2010	2	0	16/01/2014	1174	1.08	2	2	56	w503	w344	0	1	0.75	5	1	3.48	10	1	8.19	12.7	30.17	17	1	10.35	14.31	49	35	1	12.26	14.36	57.5	12.5	14.11	57.5	12.87	14.29	57.5	12.72	13.93	57	12.68	14.37	56.17	13.29	13.82	56	16.14	13.97	56.17	NA	NA	NA	NA	NA
100	0	11_4	y432	M	H	L	26/10/2010	3	1	28/10/2013	1098	0.89	4	2	11	y064	w644	0	3	0.56	5	3	2.89	10	3	6.56	10.75	23	17	3	9.7	13.79	44.33	35	3	9.83	13.3	55.83	11.24	13.19	56.17	11.44	13.29	55.83	11.15	13.01	56	10.94	13.21	56.5	11.81	13.21	55.83	12.16	13.32	56.5	NA	NA	NA	NA	NA
101	1	67_2	y433	M	H	H	01/11/2010	2	0	10/07/2016	2078	0.73	2	1	67	w731	y066	0	3	0.67	6	2	4.6	11	2	9.46	13.09	31.33	18	2	10.88	14.45	49.67	36	2	12.01	14.01	58	11.43	14.05	58.5	12.8	14	58.17	12.96	13.85	57.5	12.1	13.81	57	12.55	13.7	57.83	13.14	13.59	58	13.77	13.98	13.83	58.87	11.57
102	0	67_2	y434	F	H	L	02/11/2010	3	0	10/07/2014	1346	0.86	2	1	67	w731	y066	0	3	0.49	5	2	2.67	10	2	8.05	10.82	25	17	2	10.2	13.25	46	35	2	10.86	13.32	55.5	10.94	13.41	55.33	11.37	13.28	55	11.49	12.97	55	11.15	12.71	55	11.3	12.9	49.5	12.1	13.05	57	11.38	NA	NA	NA	NA
103	1	73_1	y436	F	H	H	26/10/2010	2	0	NA	NA	0.87	1	1	73	w724	w037	0	3	0.55	5	2	2.2	10	2	6.08	10.71	18	17	2	10.25	14.03	44	35	1	11.71	13.93	57	13.29	13.77	57.17	13.72	13.73	58	12.83	13.76	57	12.8	13.81	57	13.61	13.78	58	14.26	13.83	59	16.16	16.67	13.8	58.5	13.03
104	1	60_2	y437	M	L	L	03/11/2010	2	0	28/11/2015	1851	1.04	2	2	60	w504	w647	0	1	0.94	5	1	4.61	10	1	10.41	13.73	32.5	17	1	9.76	13.91	48.5	35	1	11.74	12.89	54	12.59	13.4	55.5	12.92	13.66	54.83	12.5	13.2	55	12.38	13.09	55	13.81	13.05	55.83	14.86	13.22	54.33	14.83	13.51	13.27	53.67	NA
105	1	25_3	y438	F	L	L	04/11/2010	4	0	14/05/2015	1652	0.9	3	2	25	y084	w493	0	1	0.73	5	1	3.15	10	1	8.72	12.71	22.5	17	1	10.31	13.8	48	35	1	11.18	13.46	56.5	11.02	13.4	56.67	11.47	13.52	57	11.71	13.6	56.83	10.94	13.52	57	11.85	13.6	57.17	12.31	13.58	56.33	12.32	12.48	13.54	57	NA
106	1	59_2	y439	M	H	L	05/11/2010	1	0	18/02/2016	1931	1.03	2	1	59	w394	w701	0	3	0.63	5	2	3.48	10	2	8.9	12.02	29.17	17	2	10.09	13.99	49	35	2	10.59	14.17	57.5	11.91	13.92	57.5	11.94	14.16	57	12.47	13.89	58	12.78	14.05	58	13.34	14.03	58.17	13.4	13.88	57	13.71	12.66	14.14	59	NA
107	0	59_2	y440	M	H	H	06/11/2010	2	0	NA	NA	0.95	2	1	59	w394	w701	0	3	0.99	4	2	3.06	9	2	8.38	12.49	26	16	2	9.56	13.68	46	34	2	10.63	13.37	57	11.3	13.75	58	11.42	13.67	57	11.47	13.47	57	11.78	13.37	57	11.04	13.29	58	12.25	13.45	58	13.3	13.24	13.52	57.33	14.41
108	1	22_5	y441	M	H	H	08/11/2010	2	0	NA	NA	1.16	5	2	22	y062	w395	0	6	0.8	6	2	2.93	11	2	8.21	11.16	45	18	2	9.75	14.26	45	36	2	10.58	14.04	56	11.5	13.71	56	11.67	13.69	55.5	11.11	13.75	56	11.19	13.72	56.17	11.66	13.56	57	12.26	13.83	56.83	12.55	12.19	13.8	56.33	12.08
109	0	22_5	y442	F	H	L	11/11/2010	6	0	07/05/2013	908	1.12	5	2	22	y062	w395	0	6	0.87	3	2	2.14	8	2	6.97	10.2	18	15	2	10.28	14.47	44.5	33	2	11.4	14.67	57.5	13.02	14.47	58.17	12.83	14.35	58	12.83	14.16	57.33	12.86	14.16	58	13.48	14.26	58	13.59	14.5	58.5	13.39	NA	NA	NA	NA
110	1	65_2	y443	F	H	H	10/11/2010	2	0	15/09/2015	1770	0.93	2	2	65	w379	w590	0	2	0.8	5	1	4.77	10	1	9.78	13.56	32	17	1	10.44	14.12	47.33	35	1	12.61	14.36	56.5	13.05	14.17	56.5	13.88	14.08	56	15.83	14.05	56.67	13.64	13.83	56.67	16.11	13.94	56.5	15.11	13.93	55.5	15.76	14.68	14.87	55	NA
111	1	51_2	y444	F	L	L	11/11/2010	1	0	12/03/2012	487	1.07	2	1	51	w400	w670	0	2	0.7	5	2	2.41	10	2	7.32	10.49	24	17	2	10.04	12.7	44.5	35	2	11.78	12.89	53.5	11.38	13.07	55	11.88	12.82	53.5	11.4	12.86	54.17	11.74	12.8	54	12.18	12.82	56.17	NA	NA	NA	NA	NA	NA	NA	NA
112	0	51_2	y445	M	L	H	12/11/2010	2	0	NA	NA	1.04	2	1	51	w400	w670	0	2	0.83	4	2	2.54	9	2	6.47	9.95	23	16	2	9.67	13.73	43.5	34	2	11.78	14.05	56	12.15	14.15	56	12.82	13.91	55.83	13.24	13.97	55.5	12.62	13.94	56	13.61	13.96	56.67	14.13	14.32	56.5	14.64	14.11	14.24	56.13	15
113	0	40_4	y446	M	L	L	19/10/2010	3	1	30/12/2014	1533	0.87	4	2	40	w699	y065	0	3	0.54	5	3	1.08	10	3	2.46	6.66	16	17	3	4.87	10.04	29.17	35	3	7.7	10.62	54.67	9.28	11.04	53.5	9.12	11.12	53.5	9.96	10.85	50.17	9.01	10.65	52.5	10.13	10.7	52.33	10.06	10.84	52.17	10.23	NA	NA	NA	NA
114	1	58_2	y447	M	L	L	15/11/2010	4	0	NA	NA	0.96	2	2	58	w716	w412	0	3	0.61	4	3	1.8	9	3	4.7	10.36	20.83	16	3	8.02	13.42	45	34	3	10.81	13.57	58	11.25	13.52	57	11.78	13.42	57	11.24	13.49	57	11.66	13.52	57	12.73	13.46	57.5	13.19	13.52	58	12.43	13.53	13.59	57.5	11.87
115	0	58_2	y448	F	L	L	13/11/2010	2	0	09/06/2015	1669	1.01	2	2	58	w716	w412	0	3	0.7	6	3	4.03	11	3	8.31	13.38	30.83	18	3	8.74	14.08	48.33	36	3	10.7	14.02	55.5	11.34	13.95	55.67	11.14	13.83	56	11.47	13.85	56	11.97	13.8	56.5	12.25	13.85	55.5	12.08	13.75	57	12.17	10.86	13.79	56	NA
116	0	58_2	y449	M	L	H	14/11/2010	3	0	NA	NA	0.98	2	2	58	w716	w412	0	3	0.59	5	3	2.48	10	3	5.68	10.77	24	17	3	8.43	13.59	45.33	35	3	9.61	13.55	55.5	11.81	13.68	56.5	11.15	13.68	55.67	11.36	13.55	56	11.01	13.44	56	13.11	13.47	56.33	13.51	13.68	56.5	14.07	12.55	13.36	56.67	12.38
117	1	69_2	y450	M	L	H	03/12/2010	1	0	NA	NA	0.7	2	2	69	w625	w648	0	1	0.75	5	1	3.65	10	1	9.09	13.02	31	17	1	9.14	13.57	48.5	35	1	11.2	13.71	55.5	11.71	13.74	56	12.05	13.7	55.5	11.97	13.61	56	12.83	13.5	56	12.54	13.55	55.83	14.08	13.7	56.67	14.27	14.9	13.77	56.5	15.22
118	1	55_3	y453	F	H	L	11/12/2010	2	0	NA	NA	0.8	3	2	55	w693	w542	0	4	0.5	6	3	3.04	11	3	8.58	12.93	25.5	18	3	10.66	13.97	47.5	36	2	11.36	14.49	56.83	11.83	14.37	58.5	12.04	14.32	58	14.03	14.7	59	12.78	14.57	57.83	14.51	14.53	59.17	13.81	14.38	58.5	13.89	14.96	14.47	58.67	16.61
119	0	55_3	y454	F	H	H	12/12/2010	3	0	23/04/2014	1228	0.81	3	2	55	w693	w542	0	4	0.64	5	3	2.96	10	3	7.75	12.24	25.5	17	3	9.3	13.24	45.5	35	2	11.43	13.77	57	12.22	13.33	57	13.85	13.65	57	13.93	13.24	58	12.36	13.3	57	14.07	13.42	58	14.13	13.5	57.83	14.1	NA	NA	NA	NA
120	1	68_3	y456	F	L	L	12/12/2010	3	0	28/03/2012	472	1.11	3	1	68	w637	w730	0	4	1.05	7	3	5.39	12	3	9.19	12.85	35.5	19	3	10.35	13.73	49.67	37	3	11.22	13.88	55	12.49	13.96	55	14.01	13.06	54.67	12.9	13.8	55.5	12.58	13.77	54.67	11.56	14.95	55	NA	NA	NA	NA	NA	NA	NA	NA
121	1	4_5	y459	F	L	H	21/12/2010	3	0	NA	NA	0.9	5	2	4	y195	w464	0	5	0.82	5	4	3.46	10	4	7.37	12.09	17.67	17	4	8.39	13.35	45	35	4	10.54	13.42	54.5	11.32	13.5	55	11.25	13.38	55.5	12	13.42	55.5	10.98	13.53	55	11.08	13.38	55.83	11.79	13.36	55.67	12.58	11.47	13.49	55.5	11.25
122	0	4_5	y460	M	L	H	21/12/2010	2	1	18/03/2014	1183	0.89	5	2	4	y195	w464	0	5	0.72	5	4	3.12	10	4	6.24	12.02	16.5	17	4	7.18	12.7	44.17	35	4	9.08	13.14	52.5	9.99	13.01	52	9.77	12.62	52.17	9.81	12.82	51	10.36	12.73	52.17	10.22	12.78	52.33	10.37	12.83	53.83	NA	NA	NA	NA	NA
123	0	4_5	y461	F	L	L	22/12/2010	4	0	11/06/2011	171	0.94	5	2	4	y195	w464	0	5	0.84	4	4	3.31	9	4	6.97	12.07	26	16	4	7.66	12.64	45.5	34	4	9.72	12.95	53.5	9.73	12.79	52.5	10.44	12.88	53	10.3	12.82	53.5	NA	NA	NA	NA	NA	NA	NA	NA	NA	NA	NA	NA	NA	NA
124	0	68_3	y462	F	L	H	14/12/2010	4	0	11/05/2013	879	1.01	3	1	68	w637	w730	0	4	0.81	5	3	2.47	10	3	4.29	8.76	14.5	17	3	8.91	12.26	38.5	35	3	9.42	11.88	51.33	9.93	11.99	51.5	10.29	11.74	52	11.34	11.56	53.5	10.51	11.69	52.67	11.73	11.65	52.5	12.54	12.07	54.5	NA	NA	NA	NA	NA
125	0	68_3	y463	M	L	L	15/12/2010	5	0	12/11/2012	698	1.14	3	1	68	w637	w730	0	4	0.98	4	3	1.83	9	3	4.81	8.85	15.5	16	3	8.73	13.38	42	34	3	10.36	13.66	55.5	11.36	13.6	54.67	11.02	13.69	54.67	11.23	13.62	55.17	11	13.63	55.5	12.79	13.58	55.17	NA	NA	NA	NA	NA	NA	NA	NA
126	1	66_4	y464	F	H	H	31/12/2010	2	0	23/03/2015	1543	0.88	4	1	66	w667	w409	0	3	0.61	5	3	2.89	10	3	7.76	11.76	21.5	17	3	10.2	14.02	43	35	3	10.41	13.91	56	11.39	13.86	56	11.71	14.04	56.33	11.52	13.97	56.17	13.11	13.75	56.5	11.89	13.72	56.5	12	14.01	56.83	11.74	NA	NA	NA	NA
127	0	66_4	y465	M	H	L	31/12/2010	1	1	22/06/2015	1634	0.92	4	1	66	w667	w409	0	3	0.77	5	3	3.14	10	3	7.23	11.8	23.5	17	3	9.34	14.24	44.67	35	3	9.81	13.8	55.5	11.27	13.65	56	10.23	13.5	57	10.74	13.61	56.67	10.36	13.38	55.33	11.04	13.68	55	11.57	13.76	54.17	11.98	11.17	13.84	53.67	NA
128	1	66_3	y466	M	H	L	01/01/2011	3	0	02/05/2016	1948	0.86	3	1	66	w667	w409	0	3	0.59	4	3	2.09	9	3	6.5	10.34	17	16	3	9.45	13.92	43.67	34	3	10.72	13.86	58.5	11.47	13.57	58.5	11.05	13.36	58	11.22	13.48	58	11.23	13.21	57.5	11.09	13.43	57.5	10.9	13.53	57.33	11.18	11.48	13.63	58	NA
129	1	77_3	y467	M	H	H	04/01/2011	1	0	NA	NA	1.06	3	1	77	w666	w684	0	2	0.7	5	2	2.72	10	2	7.71	12.35	24.67	17	2	9.5	14.27	45	35	2	10.84	14.09	57	12.4	12.1	57	11.6	13.89	57	11.59	14.13	56.83	11.97	14.07	57.5	10.97	14.12	56.17	12.7	14.1	56	12.49	12.94	14.13	56.17	12.67
130	0	77_3	y468	M	H	L	05/01/2011	2	0	12/01/2015	1468	1.06	3	1	77	w666	w684	0	2	0.66	4	2	2.62	9	2	7.7	11.67	23.83	16	2	9.32	13.88	46.5	34	2	11.44	13.77	56	12.12	13.87	56.83	12.07	13.66	56.67	13.08	13.67	56.5	13.03	13.66	57	12.38	13.52	55.83	13.05	13.71	56.67	12.24	NA	NA	NA	NA
131	1	51_3	y469	M	H	H	10/01/2011	4	0	NA	NA	1.11	3	2	51	w400	w670	0	2	0.92	4	2	3.73	9	2	10.07	13.31	24.5	16	2	11.32	14.19	47.5	34	2	13.16	14.63	57	13.36	14.33	58	15.51	14.1	58	14.15	14.07	57.5	15.17	14.07	58	14.73	14.17	58.5	15.72	14.32	60	16.09	16.5	14.27	59.17	14.29
132	0	51_3	y470	F	H	L	09/01/2011	2	0	NA	NA	1.22	3	2	51	w400	w670	0	2	1	5	2	4.58	10	2	10.38	13.8	33	17	2	11.12	14.19	47.13	35	2	13.25	14.08	55	13.31	14.16	55	13.17	14.16	55	12.39	14.12	43	12.78	14.11	47	13.37	14.16	37.5	14.46	14.15	56	14.03	13.83	14.22	54.67	13.89
133	1	73_3	y471	F	L	H	08/01/2011	1	0	24/11/2014	1416	1.01	3	2	73	w724	w037	0	5	0.81	6	3	3.21	11	3	8.57	13.07	30.5	18	3	9.71	14.03	47	36	3	10.85	14.02	56	11.88	14.12	56	11.86	13.81	56	12.33	13.88	56.33	13.38	13.85	56	12.77	13.99	56.5	12.7	14	58	13.04	NA	NA	NA	NA
134	0	73_3	y472	F	L	H	09/01/2011	3	0	27/12/2013	1083	0.97	3	2	73	w724	w037	0	5	0.69	5	3	2.12	10	3	6.58	11.2	25.67	17	3	8.78	13.05	46.17	35	3	10.16	13.15	56	11.51	13.15	56.67	11.36	13.1	55.5	12.02	13.05	56	11.64	13.08	56.17	12.1	12.92	51.83	11.7	13.06	57	NA	NA	NA	NA	NA
135	0	73_3	y473	F	L	L	10/01/2011	4	0	NA	NA	0.97	3	2	73	w724	w037	0	5	0.75	4	3	1.73	9	3	5.81	11.04	22	16	3	8.66	13.82	43.67	34	3	10.22	14.13	55	11.73	13.81	56.5	11.77	13.98	56	12.23	13.9	55.83	12.53	14.05	56.5	12.91	14.02	56	13.65	14.07	56	12.93	12.61	14.03	56.33	11.95
136	0	4_5	y474	F	L	L	21/12/2010	1	1	27/01/2011	37	0.85	5	2	4	y195	w464	0	5	0.7	5	4	3	10	4	5.47	11.72	17	17	4	6.76	13.06	44.5	35	4	9.01	12.91	51.5	NA	NA	NA	NA	NA	NA	NA	NA	NA	NA	NA	NA	NA	NA	NA	NA	NA	NA	NA	NA	NA	NA	NA
137	1	31_8	y475	F	H	H	25/01/2011	1	0	NA	NA	1.05	8	2	31	w152	w704	0	3	0.63	6	3	4.23	11	3	10.09	13.1	30	18	3	11.03	13.94	48	36	3	11.89	13.94	56	12.2	13.86	55.5	12.7	13.98	55.83	12.2	13.77	56	13.01	13.77	53.83	11.75	13.74	45.33	14.86	13.91	56.33	17.74	17.84	13.98	56.83	16.1
138	0	31_8	y476	M	H	L	26/01/2011	3	0	27/10/2014	1370	1.03	8	2	31	w152	w704	0	3	0.71	5	3	4.2	10	3	10.06	13.56	32	17	3	10.57	14.03	49	35	3	11.74	14.04	57	11.63	13.99	57	12.1	13.97	56.83	11.6	13.79	57	12.1	13.9	57.17	11.52	14.02	57.5	11.91	14.03	57	12.23	NA	NA	NA	NA
139	0	31_8	y477	F	H	L	28/01/2011	5	0	10/04/2015	1533	1.01	8	2	31	w152	w704	0	3	0.84	4	3	2.3	9	3	7.95	11.13	23.33	16	3	10.71	13.91	46	34	3	10.87	13.27	56	12.68	13.78	57	12.06	13.87	56.5	13.19	13.87	56	12.49	13.82	57	12.55	13.77	56.67	12.38	13.75	55.67	12.36	NA	NA	NA	NA
140	1	68_4	y479	M	H	L	19/02/2011	3	0	30/09/2013	954	0.99	4	2	68	w637	w730	0	4	0.76	4	4	2.84	9	4	7.16	11.37	27	16	4	9.15	13.19	46	34	4	10.73	13.34	56	11.74	13.12	56	10.55	13.17	56	13.96	13.25	55.83	13.45	13.06	56.17	14.92	13.11	56.17	12.76	13.28	56.83	NA	NA	NA	NA	NA
141	0	68_4	y480	M	H	H	18/02/2011	1	0	16/06/2014	1214	1.06	4	2	68	w637	w730	0	4	0.99	5	4	4.84	10	4	8.92	12.22	34.17	17	4	9.46	13.33	49	35	4	10.76	13.35	54.67	11.23	13.3	54.83	12.26	13.08	54.5	12.92	13.14	54.33	13.93	12.9	54	12.89	13.01	55.17	14.33	13.18	55.33	12.53	NA	NA	NA	NA
142	0	68_4	y481	F	H	H	18/02/2011	2	1	18/02/2014	1096	1.07	4	2	68	w637	w730	0	4	1.14	5	4	4.86	10	4	8.38	12.9	33	17	4	8.46	12.73	47.5	35	4	10.03	12.86	53.5	11.08	12.96	54	11.91	12.75	54.5	12.81	12.7	53.67	13.47	12.77	54	12.11	12.7	55	13.15	12.94	55.83	NA	NA	NA	NA	NA
143	0	68_4	y482	F	H	L	19/02/2011	4	1	25/08/2012	553	0.99	4	2	68	w637	w730	0	4	1.01	4	4	3.28	9	4	7.53	11.58	31	16	4	8.56	12.78	47.5	34	4	9.71	12.87	55.67	11.19	12.76	54.17	10.49	12.72	55	12.83	12.53	55	11.88	12.51	54.5	12.41	12.71	57.5	NA	NA	NA	NA	NA	NA	NA	NA
144	1	77_4	y483	F	L	L	28/02/2011	3	0	15/08/2014	1264	1.07	4	2	77	w666	w684	0	2	0.53	5	2	2.09	10	2	7.26	11.07	24	17	2	8.69	14.22	40.67	35	1	10.77	13.55	53	11.45	13.75	55	11.03	13.69	55.5	11.6	13.7	54	11.94	13.82	54	11.32	13.95	54.33	11.86	13.9	53	11.68	NA	NA	NA	NA
145	1	10_7	y485	NA	H	H	28/02/2011	4	0	11/04/2011	42	1.05	7	2	10	y074	w331	0	1	0.64	5	1	2.17	10	1	4.92	8.72	16	17	1	10.22	13.39	42.83	35	1	10.9	13.58	55.17	NA	NA	NA	NA	NA	NA	NA	NA	NA	NA	NA	NA	NA	NA	NA	NA	NA	NA	NA	NA	NA	NA	NA
146	1	66_5	y486	F	L	L	04/03/2011	1	0	NA	NA	0.87	5	2	66	w667	w409	0	4	0.56	5	1	1.75	10	1	3.41	8.18	11.83	17	1	7.24	11.01	36.17	35	1	9.55	13.61	53.83	10.37	13.68	54	10.26	13.43	54.5	10.43	13.62	55.5	10.47	13.63	55	10.47	13.6	55	10.53	13.74	55.17	10.8	11.07	13.63	55.33	11.36
147	1	59_1	y487	F	L	L	08/09/2010	2	0	NA	NA	0.9	1	2	59	w394	w701	0	2	0.66	5	1	3.39	10	1	9.06	12.03	26.5	17	1	9.82	13.7	47	35	1	10.1	13.89	54.5	11.34	13.7	55	11.7	13.66	54.17	11.95	13.62	54	11.08	13.64	55.83	11.73	13.66	55.67	12.67	13.66	55.83	13.33	12.82	13.72	56	13.22

