  pair      int    clutch    xegg      cs       bsh      bsf     trt      fband        hct1     vol1     hct2     vol2      hct3     vol3      matAB      good     id  massinj1   massinj2    mass1E     mass30      ftars
    1        6        1      0.911      8        4        3       C      M10D0156      0.53      18      0.49      50       0.51      40       0.626        1      1     14.0       13.3       15.0       14.9       17.06
    2        4        1      0.913      6        5        2      LPS     SLPI0044      0.55      40      0.52      38       0.48      45       0.974        1      2     14.0       13.2       14.2       14.2       16.37
    3       11        1      1.082      5        0        0       C      SLPI1225      0.57      88      0.51      50        .         .       0.961        0      3     14.2       13.7       16.0         .        16.95
    4        4        1      1.149      7        4        4      LPS     M14D0278      0.50       .      0.50      34       0.50      42       0.670        1      4     14.9       14.5       16.1       16.1       17.62
    5        .        0        .        0        .        .       C      SLPI1255      0.54      44        .        .        .         .         .          0      5     15.4       14.8         .          .        16.55
    6        4        1      1.174      7        6        0      LPS     M14D0061      0.51      40        .       20        .         .       1.049        1      6     16.9       16.9       17.2         .        17.33
    7        6        1      0.978      7        0        0       C      SLPI0142      0.57      20      0.52      40        .         .       0.382        0      7     15.8       15.9       16.8         .        17.54
    8        5        1      0.973      6        5        0      LPS     SLPI0045      0.52      70      0.53      28        .         .         .          1      8     15.8       15.6       15.8         .        16.97
    9       13        1      1.039      4        0        0       C      SLPI0059      0.51      72      0.53      60        .         .         .          0      9     14.8       14.3       16.4         .        17.09
   10       10        1      0.921      1        0        0      LPS     M11D0057      0.42      30      0.46      50        .         .       1.307        1      10    13.9       14.5       16.0         .        16.09
   11        4        1      1.047      5        0        .       C      SLPI1261      0.47      60      0.42      54        .         .       0.500        1      11    13.7       13.2       14.3         .        17.76
   12        5        1      1.442      5        4        4      LPS     SLPI0065      0.47      99      0.51      25       0.47      32       1.598        1      12    18.1       18.0       18.5       18.7       17.27
   13       10        1      1.074      1        0        0       C      M10D0153      0.61      48      0.64      49        .         .       1.220        0      13    16.1       15.3       17.2         .        16.62
   14        8        1      0.950      6        0        0      LPS     SLPI0068      0.50      14      0.52      25        .         .       0.735        0      14    15.7       14.4       15.4         .        17.43
   15        4        1      1.182      5        5        5       C      M11D0073      0.48      56      0.52      50       0.45      45       0.430        1      15    14.9       15.9       17.2       14.9       17.25
   16        5        1      1.034      6        6        0      LPS     SLPI0028      0.46      20      0.50      46        .         .       0.590        1      16    13.4       12.1       14.0         .        16.96
   17        7        1      1.006      4        4        0       C      SLPI0189      0.57      12      0.50      20        .         .       2.403        1      17    14.6       14.5       15.8         .        16.33
   18        .        0        .        0        .        .      LPS     SLPI1080      0.56      18        .        .        .         .         .          0      18    13.7       13.8         .          .        17.38
   19        5        1      1.094      6        6        3       C      SLPI0047      0.52      52      0.52      40        .        10       0.672        1      19    13.6       14.3       15.3       15.1       17.51
   20        8        1      0.903      6        0        0      LPS     M11D0041      0.53      19      0.53      30        .         .       0.684        0      20    13.4       14.7       15.4         .        16.72
   21        5        1      1.162      7        5        3      LPS     SLPI0032      0.52      30      0.56      40       0.47      48       5.913        1      21    14.4       14.7       14.9       15.5       16.74
   22        5        1      1.110      8        3        2       C      SLPI0043      0.50      19      0.52      42       0.61      30       1.074        1      22    13.6       14.1       15.4         .        16.34
   23        .        .        .        .        .        .      LPS     SLPI0131      0.40      55        .        .        .         .         .          0      23    14.4       13.5         .          .        17.88
   24        7        1      1.097      2        0        0       C      M11D0095      0.52      20      0.47      44        .         .       0.339        0      24    13.5       15.6       17.1         .        17.09
   25        7        1      1.291      8        0        0      LPS     M11D0053      0.55      20      0.51      18        .         .       2.061        1      25    17.4       16.6       19.3         .        17.39
   26        .        0        .        0        .        .      LPS     M11D0136      0.50      20        .        .        .         .         .          0      26    15.9       14.4         .          .        16.36
   27        4        1      1.191      6        5        0       C      M10D0229      0.50      19      0.46      25        .         .       0.459        1      27    15.8       16.5       17.5         .        17.96
   28        9        1      1.088      2        0        0      LPS     SLPI0014      0.44      25      0.44      55        .         .       1.728        0      28    15.9       15.8       17.4         .        17.42
   29        5        1      1.119      9        0        0       C      M14D0048      0.51      45      0.50      54        .         .       3.594        0      29    15.3       14.8       15.8         .        17.05
   30        5        1      1.173      6        5        3       C      M14D0039      0.56       .      0.53      48       0.51      40       0.903        1      30    15.3       15.2       16.1       16.9       17.33
   31        4        1      1.159      1        1        1      LPS     M11D0067      0.41      130     0.45      55       0.49      27       1.380        1      31    18.9       18.0       18.6       18.2       16.97
   32        7        1      1.022      7        4        4       C      SLPI0042      0.59      16      0.57      35       0.49      40       0.540        0      32    15.8       14.4       15.4         .        16.49
   33        4        1      1.019      6        4        0      LPS     SLPI0010      0.42      72      0.46      20        .         .       6.835        1      33    14.2       14.0       14.7         .        17.68
   34        6        1      1.154      7        4        4       C      M99D0199      0.45      40        .        .       0.50      61         .          1      34    17.8       16.3       18.2         .        18.41
   35        4        1      1.170      5        0        0      LPS     M11D0161      0.45      70      0.43      50        .         .       1.924        1      35    17.1       18.2       18.2         .        18.11
   36        7        1      1.099      8        0        0       C      M11D0171      0.35      45      0.43      57        .         .       1.299        0      36    15.2       16.4       16.6         .        17.09
   37        .        .        .        .        .        .      LPS     M14D0040      0.57      80        .        .        .         .         .          .      37    14.4         .          .          .        16.77
   38        8        1      1.039      7        0        0      LPS     SLPI0007      0.53      40      0.51      25        .         .       1.019        0      38    16.3       16.3       15.3         .        16.93
   39        .        .        .        .        .        .       C      SLPI0190       .         .        .        .        .         .         .          .      39    11.4       10.2         .          .        16.89
   40        .        .        .        .        .        .      LPS     M11D0075      0.54      45      0.48      60        .         .       2.016        1      40    19.0       17.0       17.9         .        19.04
   41        7        1      1.270      6        5        5      LPS     M11D0112      0.50      74      0.49      47       0.42      45       3.844        1      41    18.8       17.5       19.0       17.4       17.85
   42        5        1      1.026      4        3        2       C      M11D0062      0.48      54      0.51      45       0.54      35       1.718        1      42    14.2       14.1       15.8       13.6       16.65
   43        6        1      1.069      5        4        4      LPS     M14D0046      0.50      44        .        .       0.37      63         .          1      43    15.5       15.6       15.7         .        16.79
   44        6        1      1.193      6        0        0      LPS     M14D0036      0.54      75        .        .        .         .         .          1      44    16.3       15.3         .          .        18.08
   45        5        1      1.122      5        5        5       C      M99D0158      0.57      40      0.58      60       0.58      38       1.892        1      45    14.2       14.6       15.9       13.7       16.37
   46        6        1      1.103      5        5        5      LPS     M11D0113      0.57      26      0.50      65       0.51      35       5.240        1      46    14.9       15.3       18.5       17.1       18.01
   47       24        1      1.143      5        5        4       C      M11D0187      0.50      50        .        .       0.45      60         .          1      47    16.8       17.5         .          .        17.88
   48        3        1      1.002      7        7        5      LPS     SLPI0181      0.52      54      0.50      40       0.46      47       1.078        1      48    14.3       14.3       15.4       15.1       16.74
   49        9        1      1.036      5        0        0       C      SLPI0171      0.53      20      0.40      60        .         .       5.091        1      49    16.7       16.0       18.0         .        16.83
   50        5        1      1.062      7        5        5      LPS     M99D0137      0.49      28      0.52      40       0.49      45      14.576        1      50    16.5       16.9       16.4       16.1       16.87
   51        .        0        .        0        .        .       C      M11D0185      0.53      34        .        .        .         .         .          0      51    15.5       16.7         .          .         17
   52        7        1      1.066      7        4        4      LPS     M11D0056      0.55      54      0.49      50       0.51      65       0.904        1      52    14.5       14.0       15.3         .        16.43
   53        .        0        .        0        .        .       C      SLPI0156      0.55      62        .        .        .         .         .          0      53    19.0       17.0         .          .        16.7
   54       14        1      0.766      2        0        0      LPS     SLPI0942      0.48      30      0.48      70        .         .       1.358        0      54    12.6       12.7       14.1         .        16.32
   55       12        1      0.844      4        0        0       C      SLPI0996      0.47      50      0.41      43        .         .       0.269        1      55    15.2       15.3       16.1         .        16.48
   56        5        1      1.023      6        0        0       C      M11D0186      0.49      50      0.44      48        .         .       0.776        0      56    17.7       19.3       19.1         .        17.9
   57        .        0        .        0        .        .      LPS     SLPI0992      0.47      75        .        .        .         .         .          0      57    17.0       16.4         .          .        17.57
   58        .        0        .        0        .        .      LPS     SLPI1072      0.57      54        .        .        .         .         .          0      58    16.5       15.6         .          .        15.59
   59        9        1      0.975      1        0        0       C      SLPI0979      0.47      67      0.38      80        .         .       3.070        1      59    15.9       16.3       17.2         .        17.15
   60        .        .        .        .        .        .       C      SLPI1291      0.43      85        .        .        .         .         .          .      60    16.5       15.2         .          .        17.75
   61       14        1      1.063      5        0        3       C      M14D0059      0.56      33      0.49      55       0.46      54       0.423        0      61    15.8       16.3       18.9         .        18.19
   62       14        1      1.179      1        0        0       C      SLPI1045      0.45      35      0.40      45        .         .       1.578        1      62    18.1       16.8         .          .        19.39
   63        6        1      1.161      5        3        3       C      SLPI0048      0.56      18      0.54      32       0.54      51       0.863        1      63    15.5       14.7       15.1         .        17.46
   64        3        1      1.095      5        0        0       C      SLPI1002      0.51      10      0.43      56        .         .       0.860        1      64    15.2       15.9         .          .         17
   65        9        1      0.955      3        0        0       C      M10D131       0.41      49      0.39      60        .         .      15.077        1      65    15.1       17.8       15.8         .        16.44
   66        6        1      1.001      5        3        3       C      M99D174       0.52      30      0.55      20       0.54      66       1.582        1      66    16.2       16.0       16.3         .        15.4
   67        6        1      1.036      6        5        0       C      M10D181       0.48      54      0.46      54        .         .       0.579        1      67    13.3       16.0       15.0         .        15.27
   68        7        1      1.361      5        3        3       C      SLPI0099      0.55      50      0.51      40       0.47      57       0.633        1      68    18.7       16.7       18.0         .        17.22
   69        .        .        .        .        .        .       .      SLPI0022       .         .        .        .        .         .         .          .      69    16.3         .          .          .        16.55
   70        .        0        .        0        .        .      LPS     SLPI0182      0.54      34        .        .        .         .         .          .      70    13.9       13.7         .          .        16.12
   71        6        1      1.100      6        6        0      LPS     SLPI0123      0.54      30      0.60      23       0.54      48       0.692        1      71    15.4       17.4       17.9         .        16.31
   72        4        1      1.106      5        1        1      LPS     M14D0008      0.42      42      0.50      36       0.47      62       0.555        1      72    16.8       16.1       16.9         .        17.43
   73        8        1      1.095      4        4        2      LPS     M14D0007      0.47      42        .        .       0.45      35         .          1      73    16.2       17.5         .          .        16.69
   74        .        0        .        0        .        .      LPS     SLPI0006      0.50      18        .        .        .         .         .          0      74    18.6       17.2         .          .        16.94
   75        6        1      1.032      6        6        3      LPS     M14D0286      0.50      18      0.53      23       0.56      44       0.999        1      75    17.4       16.5       16.4         .        17.34
   76        6        1      1.147      5        5        5      LPS     SLPI0132      0.46      52      0.50      40       0.39      70       1.634        1      76    17.7       18.7       18.8         .        16.89
   77        7        1      1.104      6        5        5      LPS     SLPI0020      0.48      30        .       18       0.41      58       1.816        1      77    14.0       13.6       15.1         .        15.9
   78        .        0        .        0        .        .       C      SLPI0124      0.51      40        .        .        .         .         .          0      78    13.7       15.9         .          .        16.61
   79        .        0        .        0        .        .      LPS     M14D0240      0.47      20        .        .        .         .         .          0      79    15.8       16.1         .          .        17.62
   80        7        1      1.168      7        7        6       C      SLPI0125      0.47      32        .       12       0.43      57       0.423        1      80    17.6       17.2       17.4         .        17.5
   81        .        0        .        0        .        .      LPS     M14D0299      0.49      46        .        .        .         .         .          0      81    18.8       18.2         .          .        18.59
   82        .        0        .        0        .        .       C      M14D0271      0.51      42        .        .        .         .         .          0      82    15.7       16.6         .          .        16.8
   83        .        0        .        0        .        .      LPS     M14D0290      0.54      32        .        .        .         .         .          0      83    15.0       13.7         .          .        18.25
   84        .        0        .        0        .        .      LPS     M14D0250      0.62      24        .        .        .         .         .          1      84    19.0       18.2         .          .        17.54
   85        4        1      0.967      5        3        3      LPS     M14D0238      0.60      28      0.51       ?       0.54      53       2.642        1      85    13.7       15.2       15.1         .        16.99
