ringnr;brood_id;birth_year;survival;mass11;tars11;mother;clutch_size;nest_site;chick_age11;clutch_no;mean_temp5;rr_19;mean_eggvol_cm;CV_eggvol_cm
8934505;2003.27.B.3.A.1;2003;0;23.7;16.5;2003Mo06;5;2003.27.B.3.A;10;1;8.64;1.28;2.743578;0.0234065526597275
8934506;2003.27.B.45.A.1;2003;0;14;15.2;8866792;6;2003.27.B.45.A;10;1;8.64;1.28;2.93415;0.0433574050333592
8934507;2003.27.B.45.A.1;2003;0;19.1;16.6;8866792;6;2003.27.B.45.A;10;1;8.64;1.28;2.93415;0.0433574050333592
8934513;2003.27.B.204.A.1;2003;0;31.5;19.3;2003Mo08;4;2003.27.B.204.A;11;1;9.255;1.26;2.98712;0.0426169575398176
8934514;2003.27.B.204.A.1;2003;1;28.8;19.4;2003Mo08;4;2003.27.B.204.A;11;1;9.255;1.26;2.98712;0.0426169575398176
8934515;2003.27.B.204.A.1;2003;0;30.7;19.1;2003Mo08;4;2003.27.B.204.A;11;1;9.255;1.26;2.98712;0.0426169575398176
8934516;2003.27.B.204.A.1;2003;0;26.5;18.9;2003Mo08;4;2003.27.B.204.A;11;1;9.255;1.26;2.98712;0.0426169575398176
8934521;2003.27.B.213.A.1;2003;0;26.6;18.2;8857237;6;2003.27.B.213.A;9;1;7.99;1.28;3.20971666666667;0.00614149367530456
8934522;2003.27.B.213.A.1;2003;0;28.5;19.7;8857237;6;2003.27.B.213.A;9;1;7.99;1.28;3.20971666666667;0.00614149367530456
8934523;2003.27.B.213.A.1;2003;0;22.8;16.6;8857237;6;2003.27.B.213.A;9;1;7.99;1.28;3.20971666666667;0.00614149367530456
8934524;2003.27.B.213.A.1;2003;0;27;17.1;8857237;6;2003.27.B.213.A;9;1;7.99;1.28;3.20971666666667;0.00614149367530456
8934544;2003.27.B.208.A.1;2003;0;19.6;18.4;8857754;5;2003.27.B.208.A;10;1;7.705;0.04;2.826654;0.0338294032663063
8934545;2003.27.B.208.A.1;2003;0;26.6;19.1;8857754;5;2003.27.B.208.A;10;1;7.705;0.04;2.826654;0.0338294032663063
8934546;2003.27.B.208.A.1;2003;0;26.6;17.6;8857754;5;2003.27.B.208.A;10;1;7.705;0.04;2.826654;0.0338294032663063
8934547;2003.27.B.7.A.1;2003;1;28.1;18.7;8800417;5;2003.27.B.7.A;10;1;7.705;0.04;2.813252;0.0192962101267524
8934548;2003.27.B.7.A.1;2003;1;26.6;19.5;8800417;5;2003.27.B.7.A;10;1;7.705;0.04;2.813252;0.0192962101267524
8934549;2003.27.B.7.A.1;2003;0;23;17.1;8800417;5;2003.27.B.7.A;10;1;7.705;0.04;2.813252;0.0192962101267524
8934550;2003.27.B.87.A.1;2003;0;25.8;17.9;8934376;5;2003.27.B.87.A;10;1;7.705;0.04;2.86033;0.0290000857418357
8934551;2003.27.B.87.A.1;2003;0;27.8;19.2;8934376;5;2003.27.B.87.A;10;1;7.705;0.04;2.86033;0.0290000857418357
8934552;2003.27.B.87.A.1;2003;0;25.5;16.7;8934376;5;2003.27.B.87.A;10;1;7.705;0.04;2.86033;0.0290000857418357
8934553;2003.27.B.87.A.1;2003;0;28.1;18.5;8934376;5;2003.27.B.87.A;10;1;7.705;0.04;2.86033;0.0290000857418357
8934554;2003.27.B.214.A.1;2003;0;29.1;19;2003Mo12;6;2003.27.B.214.A;10;1;7.705;0.04;2.75853833333333;0.0337914415547161
8934555;2003.27.B.214.A.1;2003;0;25.3;16.9;2003Mo12;6;2003.27.B.214.A;10;1;7.705;0.04;2.75853833333333;0.0337914415547161
8934556;2003.27.B.214.A.1;2003;0;26.9;17.7;2003Mo12;6;2003.27.B.214.A;10;1;7.705;0.04;2.75853833333333;0.0337914415547161
8934846;2003.27.A.40.A.2;2003;0;30.5;20.5;8747722;5;2003.27.A.40.A;10;2;11.61;0;2.720994;0.0288882143119918
8934847;2003.27.A.40.A.2;2003;0;19.6;17.3;8747722;5;2003.27.A.40.A;10;2;11.61;0;2.720994;0.0288882143119918
8934848;2003.27.A.40.A.2;2003;0;25.2;19.2;8747722;5;2003.27.A.40.A;10;2;11.61;0;2.720994;0.0288882143119918
8934849;2003.27.A.40.A.2;2003;0;30;20.1;8747722;5;2003.27.A.40.A;10;2;11.61;0;2.720994;0.0288882143119918
8934852;2003.27.B.218.A.1;2003;0;25.3;19.5;8887286;7;2003.27.B.218.A;8;1;14.39;0;2.8767;0.0406491170525314
8934853;2003.27.B.218.A.1;2003;0;23.9;19.1;8887286;7;2003.27.B.218.A;8;1;14.39;0;2.8767;0.0406491170525314
8943020;2003.27.B.207.A.2;2003;0;23.8;17.3;8934301;5;2003.27.B.207.A;8;2;14.93;0.14;3.143458;0.0103794081433218
8943021;2003.27.B.207.A.2;2003;0;30.5;19.6;8934301;5;2003.27.B.207.A;8;2;14.93;0.14;3.143458;0.0103794081433218
8943026;2003.27.B.207.A.2;2003;0;28.9;20.1;8934301;5;2003.27.B.207.A;8;2;14.93;0.14;3.143458;0.0103794081433218
8943030;2003.27.B.247.A.1;2003;0;30.4;19.9;8887290;6;2003.27.B.247.A;10;1;14.54;0.02;2.93056166666667;0.0249160497751143
8943031;2003.27.B.247.A.1;2003;0;24.6;NA;8887290;6;2003.27.B.247.A;10;1;14.54;0.02;2.93056166666667;0.0249160497751143
8943032;2003.27.B.247.A.1;2003;0;28.2;20.4;8887290;6;2003.27.B.247.A;10;1;14.54;0.02;2.93056166666667;0.0249160497751143
8943033;2003.27.B.247.A.1;2003;0;28.2;20.8;8887290;6;2003.27.B.247.A;10;1;14.54;0.02;2.93056166666667;0.0249160497751143
8943034;2003.27.B.247.A.1;2003;0;26.8;NA;8887290;6;2003.27.B.247.A;10;1;14.54;0.02;2.93056166666667;0.0249160497751143
8943035;2003.27.B.298.A.2;2003;0;24;17.4;8800550;5;2003.27.B.298.A;11;2;14.805;0.06;3.019852;0.0227206013849124
8943036;2003.27.B.298.A.2;2003;0;26.2;18.6;8800550;5;2003.27.B.298.A;11;2;14.805;0.06;3.019852;0.0227206013849124
8943838;2004.27.B.4.A.1;2004;0;14.1;12;8857754;5;2004.27.B.4.A;12;1;5.93;3.36;3.01927;0.0449864252235915
8943839;2004.27.B.4.A.1;2004;0;15.7;12.7;8857754;5;2004.27.B.4.A;12;1;5.93;3.36;3.01927;0.0449864252235915
8943840;2004.27.B.116.A.1;2004;0;29.8;19;8934363;5;2004.27.B.116.A;10;1;5.305;1.56;2.722482;0.0116393473405854
8943841;2004.27.B.118.A.1;2004;0;27.3;19.1;2004Mo08;5;2004.27.B.118.A;12;1;5.93;3.36;2.900582;0.0193975237336172
8943842;2004.27.B.118.A.1;2004;0;26.6;18.7;2004Mo08;5;2004.27.B.118.A;12;1;5.93;3.36;2.900582;0.0193975237336172
8943843;2004.27.B.118.A.1;2004;0;26.9;19.4;2004Mo08;5;2004.27.B.118.A;12;1;5.93;3.36;2.900582;0.0193975237336172
8943871;2004.27.B.101.A.1;2004;0;30.2;19.1;8857237;5;2004.27.B.101.A;12;1;6.665;1.6;3.187688;0.0384055406712473
8943872;2004.27.B.103.A.1;2004;0;29.5;19.3;8943894;4;2004.27.B.103.A;11;1;6.775;1.6;2.9088025;0.0314910004823048
8943873;2004.27.B.103.A.1;2004;0;24.8;18.3;8943894;4;2004.27.B.103.A;11;1;6.775;1.6;2.9088025;0.0314910004823048
8943874;2004.27.B.103.A.1;2004;0;26.5;20.2;8943894;4;2004.27.B.103.A;11;1;6.775;1.6;2.9088025;0.0314910004823048
8943875;2004.27.B.103.A.1;2004;0;26.4;19.6;8943894;4;2004.27.B.103.A;11;1;6.775;1.6;2.9088025;0.0314910004823048
8943876;2004.27.B.41.A.1;2004;0;23;18.7;8939352;5;2004.27.B.41.A;11;1;6.885;1.6;2.981086;0.0674739369398699
8943877;2004.27.B.41.A.1;2004;0;25.2;18.7;8939352;5;2004.27.B.41.A;11;1;6.885;1.6;2.981086;0.0674739369398699
8943879;2004.27.A.75.A.1;2004;0;32;19.1;8800038;7;2004.27.A.75.A;11;1;7.75;0;2.74302142857143;0.066768684692577
8943880;2004.27.A.75.A.1;2004;1;28.2;19.7;8800038;7;2004.27.A.75.A;11;1;7.75;0;2.74302142857143;0.066768684692577
8943881;2004.27.A.75.A.1;2004;0;26.6;19.2;8800038;7;2004.27.A.75.A;11;1;7.75;0;2.74302142857143;0.066768684692577
8943882;2004.27.A.75.A.1;2004;1;29;19.9;8800038;7;2004.27.A.75.A;11;1;7.75;0;2.74302142857143;0.066768684692577
8943888;2004.27.B.123.A.1;2004;0;19;15.9;8934364;5;2004.27.B.123.A;11;1;7.195;2.52;3.265158;0.0202929656260866
8943889;2004.27.B.123.A.1;2004;1;21.7;16.5;8934364;5;2004.27.B.123.A;11;1;7.195;2.52;3.265158;0.0202929656260866
8943898;2004.27.B.108.A.2;2004;0;21.9;17;2004Mo09;5;2004.27.B.108.A;10;2;8.595;2.44;3.01615;0.0402555948931346
8943899;2004.27.B.108.A.2;2004;0;19.2;15.7;2004Mo09;5;2004.27.B.108.A;10;2;8.595;2.44;3.01615;0.0402555948931346
8939162;2004.27.B.183.A.1;2004;0;31;20.6;8934064;6;2004.27.B.183.A;12;1;11.405;0.0199999999999998;3.09722;0.0349662643537301
8939188;2004.27.B.114.A.3;2004;0;25.2;19.4;8934373;6;2004.27.B.114.A;8;3;15.74;0;2.73155833333333;0.0272233173713634
8939189;2004.27.B.114.A.3;2004;0;26;19.6;8934373;6;2004.27.B.114.A;8;3;15.74;0;2.73155833333333;0.0272233173713634
8939190;2004.27.B.114.A.3;2004;0;27.2;19.4;8934373;6;2004.27.B.114.A;8;3;15.74;0;2.73155833333333;0.0272233173713634
8939191;2004.27.B.114.A.3;2004;0;16;15.4;8934373;6;2004.27.B.114.A;8;3;15.74;0;2.73155833333333;0.0272233173713634
8939192;2004.27.B.114.A.3;2004;1;25.4;19.5;8934373;6;2004.27.B.114.A;8;3;15.74;0;2.73155833333333;0.0272233173713634
8939193;2004.27.B.114.A.3;2004;0;21.9;18.4;8934373;6;2004.27.B.114.A;8;3;15.74;0;2.73155833333333;0.0272233173713634
8939200;2004.27.B.121.A.2;2004;0;27.4;19.5;8939181;4;2004.27.B.121.A;13;2;15.05;0.94;2.4396325;0.0405618100979723
8939601;2004.27.B.121.A.2;2004;0;22.8;17.2;8939181;4;2004.27.B.121.A;13;2;15.05;0.94;2.4396325;0.0405618100979723
8939602;2004.27.B.121.A.2;2004;1;25.6;19.4;8939181;4;2004.27.B.121.A;13;2;15.05;0.94;2.4396325;0.0405618100979723
8939604;2004.27.B.181.A.1;2004;0;28.4;20;8934548;4;2004.27.B.181.A;12;1;14.22;0.94;2.65136;0.0589483874440178
8939605;2004.27.B.181.A.1;2004;1;27.7;19.5;8934548;4;2004.27.B.181.A;12;1;14.22;0.94;2.65136;0.0589483874440178
8939606;2004.27.B.181.A.1;2004;0;29.2;20.1;8934548;4;2004.27.B.181.A;12;1;14.22;0.94;2.65136;0.0589483874440178
8939623;2004.27.B.26.A.3;2004;0;20.1;17.5;2004Mo01;5;2004.27.B.26.A;9;3;17.46;0.0799999999999998;3.197962;0.0450774512597457
8939624;2004.27.B.26.A.3;2004;0;24;17.8;2004Mo01;5;2004.27.B.26.A;9;3;17.46;0.0799999999999998;3.197962;0.0450774512597457
8939625;2004.27.B.26.A.3;2004;0;24.1;18.4;2004Mo01;5;2004.27.B.26.A;9;3;17.46;0.0799999999999998;3.197962;0.0450774512597457
8939626;2004.27.B.47.A.3;2004;0;15.4;15.5;8934893;6;2004.27.B.47.A;8;3;17.62;0.34;2.515995;0.0917543381814435
8939627;2004.27.B.47.A.3;2004;1;25.8;19.6;8934893;6;2004.27.B.47.A;8;3;17.62;0.34;2.515995;0.0917543381814435
8939628;2004.27.B.47.A.3;2004;0;26.3;19.3;8934893;6;2004.27.B.47.A;8;3;17.62;0.34;2.515995;0.0917543381814435
8981665;2005.27.B.304.A.1;2005;0;26.8;18.5;8943889;5;2005.27.B.304.A;8;1;4.435;0.64;2.888062;0.0298822834852365
8981666;2005.27.B.304.A.1;2005;0;20.1;16.8;8943889;5;2005.27.B.304.A;8;1;4.435;0.64;2.888062;0.0298822834852365
8981667;2005.27.B.304.A.1;2005;0;24.8;17.7;8943889;5;2005.27.B.304.A;8;1;4.435;0.64;2.888062;0.0298822834852365
8981705;2005.27.B.117.A.1;2005;0;24.4;17.4;8981824;5;2005.27.B.117.A;10;1;6.97;0.8;2.639534;0.0369716386303118
8981706;2005.27.B.117.A.1;2005;0;28;18.1;8981824;5;2005.27.B.117.A;10;1;6.97;0.8;2.639534;0.0369716386303118
8981707;2005.27.B.117.A.1;2005;1;29.5;18.2;8981824;5;2005.27.B.117.A;10;1;6.97;0.8;2.639534;0.0369716386303118
8981708;2005.27.B.124.A.1;2005;1;29.3;19.3;2005Mo03;5;2005.27.B.124.A;9;1;7.34;2.8;2.96437;0.0322039990143548
8981709;2005.27.B.124.A.1;2005;0;29.2;19.7;2005Mo03;5;2005.27.B.124.A;9;1;7.34;2.8;2.96437;0.0322039990143548
8981710;2005.27.B.124.A.1;2005;0;24.5;17.9;2005Mo03;5;2005.27.B.124.A;9;1;7.34;2.8;2.96437;0.0322039990143548
8981808;2005.27.B.312.A.1;2005;0;24.4;17.3;8866789;6;2005.27.B.312.A;9;1;7.46;0.22;3.06841166666667;0.0472853989506955
8981809;2005.27.B.312.A.1;2005;0;23.9;18.5;8866789;6;2005.27.B.312.A;9;1;7.46;0.22;3.06841166666667;0.0472853989506955
8981810;2005.27.B.50.A.1;2005;0;23.3;17.6;8939584;5;2005.27.B.50.A;11;1;7.565;0.28;2.963486;0.0167121266963623
8981811;2005.27.B.50.A.1;2005;0;20.2;17.6;8939584;5;2005.27.B.50.A;11;1;7.565;0.28;2.963486;0.0167121266963623
8981813;2005.27.B.26.A.1;2005;0;19.5;17.4;2005Mo07;5;2005.27.B.26.A;11;1;7.565;0.28;3.096924;0.0516417583965735
8981814;2005.27.B.310.A.1;2005;0;23.9;16.7;2005Mo08;6;2005.27.B.310.A;9;1;7.46;0.22;3.24228166666667;0.0393439869868427
8981815;2005.27.B.310.A.1;2005;0;24.4;16.7;2005Mo08;6;2005.27.B.310.A;9;1;7.46;0.22;3.24228166666667;0.0393439869868427
8981816;2005.27.B.311.A.1;2005;0;24.1;16.4;8934304;6;2005.27.B.311.A;8;1;7.595;2.18;2.82791;0.0399168796702593
8981817;2005.27.B.311.A.1;2005;0;21;16;8934304;6;2005.27.B.311.A;8;1;7.595;2.18;2.82791;0.0399168796702593
8981818;2005.27.B.311.A.1;2005;0;23.1;16.3;8934304;6;2005.27.B.311.A;8;1;7.595;2.18;2.82791;0.0399168796702593
8981821;2005.27.A.35.A.1;2005;1;26.5;17.3;8939762;7;2005.27.A.35.A;8;1;7.31;5.74;2.74431428571429;0.0521284598348881
8981728;2005.27.B.108.A.1;2005;0;19.2;16.4;8939181;5;2005.27.B.108.A;9;1;9.805;3.56;2.345826;0.0398602282995832
8981729;2005.27.B.108.A.1;2005;0;27.1;17.6;8939181;5;2005.27.B.108.A;9;1;9.805;3.56;2.345826;0.0398602282995832
8981730;2005.27.B.303.A.2;2005;0;25.6;17.1;2005Mo04;5;2005.27.B.303.A;11;2;7.89;5.56;3.195924;0.0134279611011731
8981731;2005.27.B.303.A.2;2005;0;25;17.1;2005Mo04;5;2005.27.B.303.A;11;2;7.89;5.56;3.195924;0.0134279611011731
8981732;2005.27.B.303.A.2;2005;0;26.6;17;2005Mo04;5;2005.27.B.303.A;11;2;7.89;5.56;3.195924;0.0134279611011731
8981745;2005.27.B.301.A.2;2005;0;16.9;14.7;2005Mo05;5;2005.27.B.301.A;10;2;12.185;0.44;2.855475;0.0784278029548622
8981746;2005.27.B.301.A.2;2005;0;23.2;16.7;2005Mo05;5;2005.27.B.301.A;10;2;12.185;0.44;2.855475;0.0784278029548622
8981747;2005.27.B.301.A.2;2005;0;21.7;16.7;2005Mo05;5;2005.27.B.301.A;10;2;12.185;0.44;2.855475;0.0784278029548622
8981796;2005.27.B.170.A.2;2005;0;30;19.7;8934374;3;2005.27.B.170.A;9;2;9.85;2.62;2.80982;0.0162519189408366
8981797;2005.27.B.170.A.2;2005;0;30;19.8;8934374;3;2005.27.B.170.A;9;2;9.85;2.62;2.80982;0.0162519189408366
8L30317;2005.27.B.327.A.1;2005;0;27.3;19.1;8939158;6;2005.27.B.327.A;NA;1;10.99;0.56;2.73499333333333;0.040830596808917
8L30244;2005.27.B.214.A.1;2005;0;28.7;19.6;8857237;6;2005.27.B.214.A;11;1;16.135;0;2.92059833333333;0.0334305473892502
8L30245;2005.27.B.214.A.1;2005;0;30.2;19.3;8857237;6;2005.27.B.214.A;11;1;16.135;0;2.92059833333333;0.0334305473892502
8L30246;2005.27.B.214.A.1;2005;0;31.8;19.9;8857237;6;2005.27.B.214.A;11;1;16.135;0;2.92059833333333;0.0334305473892502
8L30402;2005.27.B.111.B.1;2005;0;29.1;17.8;8866789;5;2005.27.B.111.B;13;1;12.03;2.64;2.794568;0.0513292787624746
8L30264;2005.27.B.111.B.1;2005;0;31.1;19.7;8866789;5;2005.27.B.111.B;13;1;12.03;2.64;2.794568;0.0513292787624746
8L30265;2005.27.B.111.B.1;2005;0;22.1;16.6;8866789;5;2005.27.B.111.B;13;1;12.03;2.64;2.794568;0.0513292787624746
8L30266;2005.27.B.111.B.1;2005;0;23.9;15.7;8866789;5;2005.27.B.111.B;13;1;12.03;2.64;2.794568;0.0513292787624746
8L30268;2005.27.B.111.B.1;2005;0;27.4;19.5;8866789;5;2005.27.B.111.B;13;1;12.03;2.64;2.794568;0.0513292787624746
8L30297;2005.27.A.40.A.2;2005;0;17.5;17.3;2005Mo05;5;2005.27.A.40.A;10;2;12.9;0;2.459236;0.112004748640962
8L30298;2005.27.A.40.A.2;2005;1;29.9;21.4;2005Mo05;5;2005.27.A.40.A;10;2;12.9;0;2.459236;0.112004748640962
8L30299;2005.27.A.40.A.2;2005;0;27;20.4;2005Mo05;5;2005.27.A.40.A;10;2;12.9;0;2.459236;0.112004748640962
8L30300;2005.27.A.40.A.2;2005;1;26.6;19.8;2005Mo05;5;2005.27.A.40.A;10;2;12.9;0;2.459236;0.112004748640962
8L30907;2005.27.A.75.A.3;2005;0;32.1;20.3;2005Mo01;5;2005.27.A.75.A;13;3;13.65;0;2.994496;0.0249206867702778
8L30908;2005.27.A.75.A.3;2005;0;25.1;18.6;2005Mo01;5;2005.27.A.75.A;13;3;13.65;0;2.994496;0.0249206867702778
8L30923;2005.27.B.114.A.2;2005;0;28.8;20.8;8939052;6;2005.27.B.114.A;11;2;10.55;0.34;2.87341833333333;0.0372267970501903
8L30924;2005.27.B.114.A.2;2005;0;26.7;20.2;8939052;6;2005.27.B.114.A;11;2;10.55;0.34;2.87341833333333;0.0372267970501903
8L30925;2005.27.B.114.A.2;2005;0;24;20.2;8939052;6;2005.27.B.114.A;11;2;10.55;0.34;2.87341833333333;0.0372267970501903
8L30926;2005.27.B.114.A.2;2005;0;27.9;20.7;8939052;6;2005.27.B.114.A;11;2;10.55;0.34;2.87341833333333;0.0372267970501903
8L30929;2005.27.B.4.A.3;2005;0;25.3;19.3;8887286;4;2005.27.B.4.A;9;3;11.79;0.14;2.5398175;0.106820513111021
8L30930;2005.27.B.4.A.3;2005;0;23.3;18.6;8887286;4;2005.27.B.4.A;9;3;11.79;0.14;2.5398175;0.106820513111021
8L30931;2005.27.B.4.A.3;2005;0;18.2;17;8887286;4;2005.27.B.4.A;9;3;11.79;0.14;2.5398175;0.106820513111021
8L30932;2005.27.B.4.A.3;2005;0;21.1;18.2;8887286;4;2005.27.B.4.A;9;3;11.79;0.14;2.5398175;0.106820513111021
8L30933;2005.27.B.630.A.1;2005;0;27;18.8;2005Mo09;4;2005.27.B.630.A;9;1;11.79;0.14;2.83946;0.0560141033984346
8L30934;2005.27.B.630.A.1;2005;0;26.8;19;2005Mo09;4;2005.27.B.630.A;9;1;11.79;0.14;2.83946;0.0560141033984346
8L30935;2005.27.B.630.A.1;2005;0;25.6;18.8;2005Mo09;4;2005.27.B.630.A;9;1;11.79;0.14;2.83946;0.0560141033984346
8L48616;2006.27.B.107.A.1;2006;0;24.1;18;8L48610;5;2006.27.B.107.A;10;1;8.255;0;2.394038;0.0416070903093836
8L48617;2006.27.B.107.A.1;2006;1;21.4;17.2;8L48610;5;2006.27.B.107.A;10;1;8.255;0;2.394038;0.0416070903093836
8L48618;2006.27.B.107.A.1;2006;0;22.5;17.6;8L48610;5;2006.27.B.107.A;10;1;8.255;0;2.394038;0.0416070903093836
8L48620;2006.27.B.118.A.1;2006;0;25.7;19.8;2006Mo07;4;2006.27.B.118.A;10;1;8.255;0;2.97095;0.0325076179727016
8L48621;2006.27.B.118.A.1;2006;0;28.4;19.6;2006Mo07;4;2006.27.B.118.A;10;1;8.255;0;2.97095;0.0325076179727016
8L48622;2006.27.B.118.A.1;2006;0;30.4;19.9;2006Mo07;4;2006.27.B.118.A;10;1;8.255;0;2.97095;0.0325076179727016
8L48623;2006.27.A.212.A.1;2006;0;9.6;14.5;8981276;5;2006.27.A.212.A;12;1;8.255;0;2.967324;0.0468223178338291
8L48624;2006.27.A.212.A.1;2006;0;25.1;19.4;8981276;5;2006.27.A.212.A;12;1;8.255;0;2.967324;0.0468223178338291
8L48625;2006.27.A.212.A.1;2006;0;25;19.2;8981276;5;2006.27.A.212.A;12;1;8.255;0;2.967324;0.0468223178338291
8L48626;2006.27.A.212.A.1;2006;0;25;18.8;8981276;5;2006.27.A.212.A;12;1;8.255;0;2.967324;0.0468223178338291
8L48655;2006.27.B.394.A.1;2006;0;25.4;19.7;8887286;5;2006.27.B.394.A;8;1;7.35;0.4;2.744108;0.0327784311362813
8L48658;2006.27.A.390.A.1;2006;0;25.4;18.5;8887451;5;2006.27.A.390.A;8;1;7.255;0;2.646408;0.0439491487437644
8L48659;2006.27.A.390.A.1;2006;0;18.3;16.1;8887451;5;2006.27.A.390.A;8;1;7.255;0;2.646408;0.0439491487437644
8L48661;2006.27.B.15.A.1;2006;1;25.6;18.4;8L48592;5;2006.27.B.15.A;12;1;7.985;0.44;2.990764;0.0666105948731889
8L48662;2006.27.B.15.A.1;2006;1;31.2;19.9;8L48592;5;2006.27.B.15.A;12;1;7.985;0.44;2.990764;0.0666105948731889
8L48663;2006.27.B.15.A.1;2006;0;30.4;19;8L48592;5;2006.27.B.15.A;12;1;7.985;0.44;2.990764;0.0666105948731889
8L48664;2006.27.B.26.A.1;2006;0;30.7;20;8981026;6;2006.27.B.26.A;8;1;7.255;0;3.01789333333333;0.0750818880385478
8L48665;2006.27.B.26.A.1;2006;0;31.6;19.7;8981026;6;2006.27.B.26.A;8;1;7.255;0;3.01789333333333;0.0750818880385478
8L48666;2006.27.B.26.A.1;2006;0;22.5;17.5;8981026;6;2006.27.B.26.A;8;1;7.255;0;3.01789333333333;0.0750818880385478
8L48667;2006.27.B.47.A.1;2006;0;NA;NA;8939897;6;2006.27.B.47.A;12;1;7.33;2.8;2.82663166666667;0.0329452595975549
8L48668;2006.27.B.47.A.1;2006;0;20.9;17;8939897;6;2006.27.B.47.A;12;1;7.33;2.8;2.82663166666667;0.0329452595975549
8L48669;2006.27.B.47.A.1;2006;0;NA;NA;8939897;6;2006.27.B.47.A;12;1;7.33;2.8;2.82663166666667;0.0329452595975549
8L48670;2006.27.B.47.A.1;2006;0;20.8;18.1;8939897;6;2006.27.B.47.A;12;1;7.33;2.8;2.82663166666667;0.0329452595975549
8L48671;2006.27.B.309.A.1;2006;0;NA;NA;8981003;5;2006.27.B.309.A;8;1;7.255;0;2.90682;0.0320190091672149
8L48672;2006.27.B.309.A.1;2006;0;NA;NA;8981003;5;2006.27.B.309.A;8;1;7.255;0;2.90682;0.0320190091672149
8L48673;2006.27.B.309.A.1;2006;0;NA;NA;8981003;5;2006.27.B.309.A;8;1;7.255;0;2.90682;0.0320190091672149
8L48674;2006.27.B.309.A.1;2006;0;19;18.3;8981003;5;2006.27.B.309.A;8;1;7.255;0;2.90682;0.0320190091672149
8L48680;2006.27.B.214.A.1;2006;0;28.6;19.2;8857237;5;2006.27.B.214.A;10;1;7.35;0.4;3.121936;0.0263288819426521
8L48681;2006.27.B.102.A.1;2006;0;30.3;19.8;8981266;5;2006.27.B.102.A;9;1;7.255;0;2.630666;0.0380725725436984
8L48682;2006.27.B.102.A.1;2006;0;27.4;18.1;8981266;5;2006.27.B.102.A;9;1;7.255;0;2.630666;0.0380725725436984
8L48683;2006.27.B.102.A.1;2006;0;29.2;19.3;8981266;5;2006.27.B.102.A;9;1;7.255;0;2.630666;0.0380725725436984
8L48693;2006.27.B.28.A.1;2006;0;31.3;19.9;8981293;5;2006.27.B.28.A;8;1;7.655;2.88;3.080764;0.0336393087353173
8L48579;2006.27.B.407.A.1;2006;0;NA;NA;2006Mo06;5;2006.27.B.407.A;9;1;10.725;0.22;2.921238;0.0390867490150368
8L48580;2006.27.B.407.A.1;2006;0;NA;NA;2006Mo06;5;2006.27.B.407.A;9;1;10.725;0.22;2.921238;0.0390867490150368
8L48581;2006.27.B.407.A.1;2006;1;NA;NA;2006Mo06;5;2006.27.B.407.A;9;1;10.725;0.22;2.921238;0.0390867490150368
8L48582;2006.27.B.407.A.1;2006;0;NA;NA;2006Mo06;5;2006.27.B.407.A;9;1;10.725;0.22;2.921238;0.0390867490150368
8L48583;2006.27.A.32.A.2;2006;1;26.3;19.5;2006Mo08;6;2006.27.A.32.A;11;2;10.725;0.22;2.95353333333333;0.0373608619501138
8L48584;2006.27.A.32.A.2;2006;0;25.2;19.2;2006Mo08;6;2006.27.A.32.A;11;2;10.725;0.22;2.95353333333333;0.0373608619501138
8L48585;2006.27.A.32.A.2;2006;0;24.4;19.2;2006Mo08;6;2006.27.A.32.A;11;2;10.725;0.22;2.95353333333333;0.0373608619501138
8L48586;2006.27.A.32.A.2;2006;0;NA;18.6;2006Mo08;6;2006.27.A.32.A;11;2;10.725;0.22;2.95353333333333;0.0373608619501138
8L48587;2006.27.A.32.A.2;2006;0;24.4;19.1;2006Mo08;6;2006.27.A.32.A;11;2;10.725;0.22;2.95353333333333;0.0373608619501138
8L48590;2006.27.A.396.A.2;2006;0;35.7;20.6;8939762;5;2006.27.A.396.A;10;2;9.65;1.76;3.030964;0.0404649674029487
8L48591;2006.27.A.396.A.2;2006;0;32.9;20.3;8939762;5;2006.27.A.396.A;10;2;9.65;1.76;3.030964;0.0404649674029487
8L48593;2006.27.A.24.A.2;2006;0;26.1;18.9;8981278;6;2006.27.A.24.A;9;2;10.49;0.96;2.70661666666667;0.028303271052803
8L48594;2006.27.A.24.A.2;2006;0;24.5;18;8981278;6;2006.27.A.24.A;9;2;10.49;0.96;2.70661666666667;0.028303271052803
X000053;2006.27.B.407.A.1;2006;0;NA;NA;2006Mo06;5;2006.27.B.407.A;9;1;10.725;0.22;2.921238;0.0390867490150368
X000054;2006.27.B.407.A.1;2006;0;NA;NA;2006Mo06;5;2006.27.B.407.A;9;1;10.725;0.22;2.921238;0.0390867490150368
X000055;2006.27.B.407.A.1;2006;0;NA;NA;2006Mo06;5;2006.27.B.407.A;9;1;10.725;0.22;2.921238;0.0390867490150368
X000056;2006.27.B.407.A.1;2006;0;NA;NA;2006Mo06;5;2006.27.B.407.A;9;1;10.725;0.22;2.921238;0.0390867490150368
X000057;2006.27.A.396.A.2;2006;0;NA;NA;8939762;5;2006.27.A.396.A;10;2;9.65;1.76;3.030964;0.0404649674029487
X000058;2006.27.A.396.A.2;2006;0;NA;NA;8939762;5;2006.27.A.396.A;10;2;9.65;1.76;3.030964;0.0404649674029487
8L48310;2006.27.B.170.A.2;2006;1;28.5;20.8;8934374;5;2006.27.B.170.A;13;2;10.21;1;2.942222;0.0484064110532077
8L48326;2006.27.B.402.A.1;2006;0;20.7;15.8;8939578;6;2006.27.B.402.A;11;1;9.705;1.16;2.65263833333333;0.0372357674596149
8L48327;2006.27.B.402.A.1;2006;0;26.4;17;8939578;6;2006.27.B.402.A;11;1;9.705;1.16;2.65263833333333;0.0372357674596149
8L48328;2006.27.B.402.A.1;2006;0;27.5;16.8;8939578;6;2006.27.B.402.A;11;1;9.705;1.16;2.65263833333333;0.0372357674596149
8L48329;2006.27.B.402.A.1;2006;0;28.4;16.4;8939578;6;2006.27.B.402.A;11;1;9.705;1.16;2.65263833333333;0.0372357674596149
8L48330;2006.27.B.402.A.1;2006;0;25.3;15.6;8939578;6;2006.27.B.402.A;11;1;9.705;1.16;2.65263833333333;0.0372357674596149
8L48331;2006.27.B.402.A.1;2006;0;23;15.7;8939578;6;2006.27.B.402.A;11;1;9.705;1.16;2.65263833333333;0.0372357674596149
8L48336;2006.27.B.111.A.2;2006;1;32.5;20.4;8L30599;5;2006.27.B.111.A;11;2;8.85;1.38;2.927778;0.106585369503327
8L48337;2006.27.B.111.A.2;2006;1;31;20.3;8L30599;5;2006.27.B.111.A;11;2;8.85;1.38;2.927778;0.106585369503327
8L48338;2006.27.B.111.A.2;2006;0;34;20.1;8L30599;5;2006.27.B.111.A;11;2;8.85;1.38;2.927778;0.106585369503327
8L48339;2006.27.B.400.A.1;2006;0;26.4;19.2;2006Mo04;5;2006.27.B.400.A;10;1;8.615;1.52;2.858184;0.054001904498668
8L48340;2006.27.B.400.A.1;2006;0;29.1;20.1;2006Mo04;5;2006.27.B.400.A;10;1;8.615;1.52;2.858184;0.054001904498668
8L48341;2006.27.B.400.A.1;2006;0;26.4;20;2006Mo04;5;2006.27.B.400.A;10;1;8.615;1.52;2.858184;0.054001904498668
8L48342;2006.27.B.400.A.1;2006;0;25.5;20;2006Mo04;5;2006.27.B.400.A;10;1;8.615;1.52;2.858184;0.054001904498668
8L52524;2006.27.A.62.A.2;2006;0;19.7;17.8;8981820;4;2006.27.A.62.A;10;2;13.25;0.44;2.43182;0.0812233094170013
8L52525;2006.27.A.62.A.2;2006;0;25.9;18.6;8981820;4;2006.27.A.62.A;10;2;13.25;0.44;2.43182;0.0812233094170013
8L52947;2006.27.B.384.A.1;2006;0;30.9;19.5;8866789;6;2006.27.B.384.A;10;1;10.98;3;2.88138166666667;0.0303220899234348
8L52948;2006.27.B.384.A.1;2006;0;31.3;19.4;8866789;6;2006.27.B.384.A;10;1;10.98;3;2.88138166666667;0.0303220899234348
8L52949;2006.27.B.384.A.1;2006;0;26;17.8;8866789;6;2006.27.B.384.A;10;1;10.98;3;2.88138166666667;0.0303220899234348
8L52952;2006.27.B.122.A.1;2006;0;21.8;18.7;8934374;5;2006.27.B.122.A;10;1;9.985;0.36;2.71347;0.0286725285056609
8L52953;2006.27.B.122.A.1;2006;0;21;NA;8934374;5;2006.27.B.122.A;10;1;9.985;0.36;2.71347;0.0286725285056609
8L52972;2006.27.B.122.A.1;2006;0;29.1;20.3;8934374;5;2006.27.B.122.A;10;1;9.985;0.36;2.71347;0.0286725285056609
8L52976;2006.27.B.310.A.2;2006;0;28.6;19.5;8939578;6;2006.27.B.310.A;10;2;14.152;0.4;2.32310666666667;0.032907978643056
8L52977;2006.27.B.310.A.2;2006;0;27.9;19;8939578;6;2006.27.B.310.A;10;2;14.152;0.4;2.32310666666667;0.032907978643056
8L52978;2006.27.B.310.A.2;2006;1;24.6;18.6;8939578;6;2006.27.B.310.A;10;2;14.152;0.4;2.32310666666667;0.032907978643056
8L30792;2007.27.A.63.A.1;2007;0;NA;NA;8934066;5;2007.27.A.63.A;NA;1;6.4;0.72;2.94914;0.0114096653835573
8L30793;2007.27.A.63.A.1;2007;0;NA;NA;8934066;5;2007.27.A.63.A;NA;1;6.4;0.72;2.94914;0.0114096653835573
8L30794;2007.27.A.63.A.1;2007;0;NA;NA;8934066;5;2007.27.A.63.A;NA;1;6.4;0.72;2.94914;0.0114096653835573
8L30789;2007.27.B.385.A.1;2007;0;13.8;14;8L48310;5;2007.27.B.385.A;11;1;5.935;0.72;3.009084;0.0152899496901658
8L30790;2007.27.B.385.A.1;2007;0;13.7;14.2;8L48310;5;2007.27.B.385.A;11;1;5.935;0.72;3.009084;0.0152899496901658
8L30791;2007.27.B.385.A.1;2007;0;14.3;14;8L48310;5;2007.27.B.385.A;11;1;5.935;0.72;3.009084;0.0152899496901658
8L30006;2007.27.A.40.A.1;2007;0;17.3;15;8887451;6;2007.27.A.40.A;12;1;6.4;0.72;2.870445;0.0305931835098599
8L30007;2007.27.A.40.A.1;2007;0;24.2;17.5;8887451;6;2007.27.A.40.A;12;1;6.4;0.72;2.870445;0.0305931835098599
8L30008;2007.27.A.40.A.1;2007;0;20.2;16.1;8887451;6;2007.27.A.40.A;12;1;6.4;0.72;2.870445;0.0305931835098599
8L30009;2007.27.A.40.A.1;2007;0;26.6;17.9;8887451;6;2007.27.A.40.A;12;1;6.4;0.72;2.870445;0.0305931835098599
8L49902;2007.27.B.107.A.1;2007;0;20.7;15.6;8L30599;5;2007.27.B.107.A;12;1;7.06;0.98;3.142832;0.0728085800814326
8L49903;2007.27.B.107.A.1;2007;0;22.6;17.9;8L30599;5;2007.27.B.107.A;12;1;7.06;0.98;3.142832;0.0728085800814326
8L49904;2007.27.A.1.A.1;2007;0;24.2;17.5;8981274;4;2007.27.A.1.A;11;1;6.955;1.08;2.45566;0.0457188698156699
8L49905;2007.27.A.1.A.1;2007;0;23.8;17.2;8981274;4;2007.27.A.1.A;11;1;6.955;1.08;2.45566;0.0457188698156699
8L49924;2007.27.B.102.A.1;2007;0;25.3;19;8981276;4;2007.27.B.102.A;8;1;10;0;3.055725;0.0132948072792638
8L49925;2007.27.B.102.A.1;2007;1;27.6;19.4;8981276;4;2007.27.B.102.A;8;1;10;0;3.055725;0.0132948072792638
8L49926;2007.27.B.102.A.1;2007;0;16;14.9;8981276;4;2007.27.B.102.A;8;1;10;0;3.055725;0.0132948072792638
8L49927;2007.27.B.102.A.1;2007;0;28.5;19.8;8981276;4;2007.27.B.102.A;8;1;10;0;3.055725;0.0132948072792638
8L49954;2007.27.B.15.A.1;2007;0;30.7;20.6;8981026;5;2007.27.B.15.A;11;1;11.725;0;3.07483;0.0439969643077214
8L49955;2007.27.B.15.A.1;2007;0;35.2;20.6;8981026;5;2007.27.B.15.A;11;1;11.725;0;3.07483;0.0439969643077214
8L49956;2007.27.B.15.A.1;2007;0;30.8;19.8;8981026;5;2007.27.B.15.A;11;1;11.725;0;3.07483;0.0439969643077214
8L49973;2007.27.B.87.A.1;2007;0;29.7;19;8L52310;4;2007.27.B.87.A;11;1;10.18;0;3.1665475;0.0283242853833217
8L49974;2007.27.B.87.A.1;2007;1;29.2;18.9;8L52310;4;2007.27.B.87.A;11;1;10.18;0;3.1665475;0.0283242853833217
8L49975;2007.27.B.87.A.1;2007;0;28.3;18.3;8L52310;4;2007.27.B.87.A;11;1;10.18;0;3.1665475;0.0283242853833217
8L49983;2007.27.A.52.A.1;2007;0;25.9;19.1;8L48365;5;2007.27.A.52.A;10;1;11.485;0;2.910978;0.0737680784036588
8L19806;2007.27.B.310.A.1;2007;0;29.1;19.8;2007Mo10;5;2007.27.B.310.A;12;1;10.43;0;2.880264;0.0512908025743678
8L19807;2007.27.B.310.A.1;2007;0;27.6;19.4;2007Mo10;5;2007.27.B.310.A;12;1;10.43;0;2.880264;0.0512908025743678
8L19808;2007.27.B.310.A.1;2007;0;28.9;19.4;2007Mo10;5;2007.27.B.310.A;12;1;10.43;0;2.880264;0.0512908025743678
8L19817;2007.27.B.208.G.1;2007;0;33.6;18.9;2007Mo11;4;2007.27.B.208.G;10;1;8.42;1.06;3.4271775;0.032638599933454
8L19818;2007.27.B.208.G.1;2007;0;31.2;18.8;2007Mo11;4;2007.27.B.208.G;10;1;8.42;1.06;3.4271775;0.032638599933454
8L19819;2007.27.B.208.G.1;2007;0;25.8;18;2007Mo11;4;2007.27.B.208.G;10;1;8.42;1.06;3.4271775;0.032638599933454
8L19820;2007.27.A.32.A.1;2007;0;NA;NA;8939034;6;2007.27.A.32.A;9;1;8.16;0.5;2.895515;0.0248776482786204
8L19821;2007.27.A.32.A.1;2007;0;NA;NA;8939034;6;2007.27.A.32.A;9;1;8.16;0.5;2.895515;0.0248776482786204
8L19822;2007.27.A.32.A.1;2007;0;NA;NA;8939034;6;2007.27.A.32.A;9;1;8.16;0.5;2.895515;0.0248776482786204
8L19823;2007.27.A.32.A.1;2007;0;NA;NA;8939034;6;2007.27.A.32.A;9;1;8.16;0.5;2.895515;0.0248776482786204
8L19828;2007.27.B.216.A.1;2007;0;26.9;18;8L30599;5;2007.27.B.216.A;9;1;8.4;0.52;2.94505;0.0454138655720932
8L19829;2007.27.B.216.A.1;2007;0;27.3;17.6;8L30599;5;2007.27.B.216.A;9;1;8.4;0.52;2.94505;0.0454138655720932
8L19830;2007.27.B.313.A.1;2007;1;29.5;19;2007Mo12;5;2007.27.B.313.A;11;1;8.16;0.5;3.33402;0.0209744207949655
8L19831;2007.27.B.313.A.1;2007;0;29.1;18.6;2007Mo12;5;2007.27.B.313.A;11;1;8.16;0.5;3.33402;0.0209744207949655
8L19832;2007.27.B.313.A.1;2007;0;20.6;16.1;2007Mo12;5;2007.27.B.313.A;11;1;8.16;0.5;3.33402;0.0209744207949655
8L19833;2007.27.B.313.A.1;2007;0;25.6;18;2007Mo12;5;2007.27.B.313.A;11;1;8.16;0.5;3.33402;0.0209744207949655
8L19837;2007.27.B.214.A.2;2007;0;NA;NA;8L48304;5;2007.27.B.214.A;10;2;8.36;0.5;3.13617;0.0341875898380187
8L19838;2007.27.B.214.A.2;2007;0;25.4;18.5;8L48304;5;2007.27.B.214.A;10;2;8.36;0.5;3.13617;0.0341875898380187
8L19839;2007.27.B.214.A.2;2007;1;NA;NA;8L48304;5;2007.27.B.214.A;10;2;8.36;0.5;3.13617;0.0341875898380187
8L19840;2007.27.B.214.A.2;2007;0;NA;NA;8L48304;5;2007.27.B.214.A;10;2;8.36;0.5;3.13617;0.0341875898380187
8L19701;2007.27.A.390.A.2;2007;0;29.4;20;8981820;5;2007.27.A.390.A;8;2;8.36;0.5;2.475222;0.0387082293211327
8L19702;2007.27.A.390.A.2;2007;0;27;18.3;8981820;5;2007.27.A.390.A;8;2;8.36;0.5;2.475222;0.0387082293211327
8L19703;2007.27.A.390.A.2;2007;0;27.9;19.1;8981820;5;2007.27.A.390.A;8;2;8.36;0.5;2.475222;0.0387082293211327
8L19704;2007.27.A.390.A.2;2007;0;18.6;16.2;8981820;5;2007.27.A.390.A;8;2;8.36;0.5;2.475222;0.0387082293211327
8L19705;2007.27.A.32.A.1;2007;0;27.4;19.3;8939034;6;2007.27.A.32.A;9;1;8.16;0.5;2.895515;0.0248776482786204
8L19841;2007.27.B.221.A.1;2007;0;32.7;19.8;2007Mo02;5;2007.27.B.221.A;NA;1;11.98;0;3.03279;0.0438500423519772
8L19842;2007.27.B.221.A.1;2007;0;34.5;21;2007Mo02;5;2007.27.B.221.A;NA;1;11.98;0;3.03279;0.0438500423519772
8L19843;2007.27.B.221.A.1;2007;0;31.4;20.2;2007Mo02;5;2007.27.B.221.A;NA;1;11.98;0;3.03279;0.0438500423519772
8L19870;2007.27.B.29.A.1;2007;0;NA;NA;2007Mo01;5;2007.27.B.29.A;NA;1;12.165;0.34;2.95544;0.077913539065464
8L19871;2007.27.B.29.A.1;2007;0;26.6;18.4;2007Mo01;5;2007.27.B.29.A;NA;1;12.165;0.34;2.95544;0.077913539065464
8L19872;2007.27.B.29.A.1;2007;0;NA;NA;2007Mo01;5;2007.27.B.29.A;NA;1;12.165;0.34;2.95544;0.077913539065464
8L19876;2007.27.B.306.A.1;2007;0;31;20.2;8943735;6;2007.27.B.306.A;11;1;11.66;0.0399999999999997;2.84751333333333;0.0367353367576924
8L19877;2007.27.B.306.A.1;2007;1;30.1;20.5;8943735;6;2007.27.B.306.A;11;1;11.66;0.0399999999999997;2.84751333333333;0.0367353367576924
8L19878;2007.27.B.306.A.1;2007;0;31.2;20.3;8943735;6;2007.27.B.306.A;11;1;11.66;0.0399999999999997;2.84751333333333;0.0367353367576924
8L19879;2007.27.B.306.A.1;2007;0;30.5;19.9;8943735;6;2007.27.B.306.A;11;1;11.66;0.0399999999999997;2.84751333333333;0.0367353367576924
8L19882;2007.27.B.219.A.1;2007;0;27.9;21.6;8L48310;5;2007.27.B.219.A;12;1;13.35;0.0399999999999997;2.946455;0.0207821998427062
8L19883;2007.27.B.219.A.1;2007;0;NA;NA;8L48310;5;2007.27.B.219.A;12;1;13.35;0.0399999999999997;2.946455;0.0207821998427062
8L19884;2007.27.B.219.A.1;2007;0;26.3;20.6;8L48310;5;2007.27.B.219.A;12;1;13.35;0.0399999999999997;2.946455;0.0207821998427062
8L19897;2007.27.B.258.A.1;2007;0;28.5;20.8;8939897;5;2007.27.B.258.A;9;1;16.8;0;2.871338;0.0226057189445694
8L19898;2007.27.B.258.A.1;2007;1;29.2;21.1;8939897;5;2007.27.B.258.A;9;1;16.8;0;2.871338;0.0226057189445694
8816404;2007.27.B.394.A.2;2007;0;26;20.1;8887286;6;2007.27.B.394.A;11;2;17.5;0;2.8295925;0.0524482597812289
8816405;2007.27.B.394.A.2;2007;0;29.6;20.7;8887286;6;2007.27.B.394.A;11;2;17.5;0;2.8295925;0.0524482597812289
8816406;2007.27.B.394.A.2;2007;0;20.5;19.4;8887286;6;2007.27.B.394.A;11;2;17.5;0;2.8295925;0.0524482597812289
8816407;2007.27.B.394.A.2;2007;1;26.4;20.6;8887286;6;2007.27.B.394.A;11;2;17.5;0;2.8295925;0.0524482597812289
8816410;2007.27.B.26.A.1;2007;0;27.4;19.9;8981026;5;2007.27.B.26.A;10;1;17.185;0;2.892198;0.042687331127661
8816411;2007.27.B.26.A.1;2007;0;29.1;20.3;8981026;5;2007.27.B.26.A;10;1;17.185;0;2.892198;0.042687331127661
8816412;2007.27.B.26.A.1;2007;0;25.6;20.7;8981026;5;2007.27.B.26.A;10;1;17.185;0;2.892198;0.042687331127661
8816413;2007.27.B.26.A.1;2007;0;27.5;20.8;8981026;5;2007.27.B.26.A;10;1;17.185;0;2.892198;0.042687331127661
8816414;2007.27.B.26.A.1;2007;0;15.1;18.1;8981026;5;2007.27.B.26.A;10;1;17.185;0;2.892198;0.042687331127661
8816430;2007.27.B.115.A.1;2007;0;19;18;2007Mo10;6;2007.27.B.115.A;11;1;16.175;0.0999999999999997;2.65291666666667;0.0460681028428429
8816431;2007.27.B.115.A.1;2007;0;26.5;19.2;2007Mo10;6;2007.27.B.115.A;11;1;16.175;0.0999999999999997;2.65291666666667;0.0460681028428429
8816432;2007.27.B.115.A.1;2007;0;30.8;19.8;2007Mo10;6;2007.27.B.115.A;11;1;16.175;0.0999999999999997;2.65291666666667;0.0460681028428429
8816433;2007.27.B.115.A.1;2007;0;24.5;19.5;2007Mo10;6;2007.27.B.115.A;11;1;16.175;0.0999999999999997;2.65291666666667;0.0460681028428429
8816434;2007.27.B.115.A.1;2007;0;29.5;19.9;2007Mo10;6;2007.27.B.115.A;11;1;16.175;0.0999999999999997;2.65291666666667;0.0460681028428429
8816438;2007.27.B.209.A.2;2007;0;29.2;19.7;8L30847;5;2007.27.B.209.A;12;2;15.415;3.1;3.027495;0.0477835806187713
8816439;2007.27.B.209.A.2;2007;0;30.2;20.2;8L30847;5;2007.27.B.209.A;12;2;15.415;3.1;3.027495;0.0477835806187713
8816440;2007.27.B.209.A.2;2007;0;29.2;20;8L30847;5;2007.27.B.209.A;12;2;15.415;3.1;3.027495;0.0477835806187713
8816461;2007.27.B.104.A.2;2007;0;30.2;19.7;8866789;6;2007.27.B.104.A;10;2;14.565;3.04;2.7280825;0.126428395662621
8816473;2007.27.B.124.A.2;2007;0;28.8;19.9;8939086;6;2007.27.B.124.A;12;2;13.075;0.0399999999999997;2.62301333333333;0.047122187635971
8816474;2007.27.B.124.A.2;2007;0;NA;NA;8939086;6;2007.27.B.124.A;12;2;13.075;0.0399999999999997;2.62301333333333;0.047122187635971
8816475;2007.27.B.124.A.2;2007;0;28.4;19.7;8939086;6;2007.27.B.124.A;12;2;13.075;0.0399999999999997;2.62301333333333;0.047122187635971
8816476;2007.27.B.124.A.2;2007;0;29.2;20.3;8939086;6;2007.27.B.124.A;12;2;13.075;0.0399999999999997;2.62301333333333;0.047122187635971
8816477;2007.27.B.124.A.2;2007;0;29.4;20.3;8939086;6;2007.27.B.124.A;12;2;13.075;0.0399999999999997;2.62301333333333;0.047122187635971
8668472;2007.27.B.203.A.2;2007;0;22.1;17.8;2007Mo08;4;2007.27.B.203.A;11;2;11.235;0.76;2.9443375;0.0873495374584636
8668473;2007.27.B.203.A.2;2007;0;24.1;17.6;2007Mo08;4;2007.27.B.203.A;11;2;11.235;0.76;2.9443375;0.0873495374584636
8668474;2007.27.B.203.A.2;2007;0;22;18.1;2007Mo08;4;2007.27.B.203.A;11;2;11.235;0.76;2.9443375;0.0873495374584636
8118446;2007.27.B.210.A.2;2007;0;27.4;18;8L48452;5;2007.27.B.210.A;10;2;11.8;0;2.967336;0.0222340958343912
8118447;2007.27.B.210.A.2;2007;0;27.2;18.4;8L48452;5;2007.27.B.210.A;10;2;11.8;0;2.967336;0.0222340958343912
8668492;2007.27.B.222.A.2;2007;0;29.9;20.8;8L52202;5;2007.27.B.222.A;10;2;11.8;0;2.739288;0.0444553783142068
8668493;2007.27.B.222.A.2;2007;0;29.5;19.4;8L52202;5;2007.27.B.222.A;10;2;11.8;0;2.739288;0.0444553783142068
8668494;2007.27.B.222.A.2;2007;0;25.8;18.9;8L52202;5;2007.27.B.222.A;10;2;11.8;0;2.739288;0.0444553783142068
8668495;2007.27.B.222.A.2;2007;0;NA;NA;8L52202;5;2007.27.B.222.A;10;2;11.8;0;2.739288;0.0444553783142068
8668496;2007.27.B.401.A.2;2007;0;27;18.1;8L48438;5;2007.27.B.401.A;10;2;11.8;0;3.00457;0.031200331599375
8668497;2007.27.B.401.A.2;2007;0;20;18.1;8L48438;5;2007.27.B.401.A;10;2;11.8;0;3.00457;0.031200331599375
8668498;2007.27.B.401.A.2;2007;0;26.4;18.8;8L48438;5;2007.27.B.401.A;10;2;11.8;0;3.00457;0.031200331599375
8668499;2007.27.B.401.A.2;2007;0;25.7;18.4;8L48438;5;2007.27.B.401.A;10;2;11.8;0;3.00457;0.031200331599375
8L26545;2008.27.B.394.A.1;2008;0;26.3;19.3;8934374;6;2008.27.B.394.A;10;1;8.03;0.399999999999999;2.94570833333333;0.0372477379857605
8L26546;2008.27.B.394.A.1;2008;0;23.7;18.8;8934374;6;2008.27.B.394.A;10;1;8.03;0.399999999999999;2.94570833333333;0.0372477379857605
8L26547;2008.27.B.394.A.1;2008;0;NA;NA;8934374;6;2008.27.B.394.A;10;1;8.03;0.399999999999999;2.94570833333333;0.0372477379857605
8L26548;2008.27.B.394.A.1;2008;0;28.7;19.6;8934374;6;2008.27.B.394.A;10;1;8.03;0.399999999999999;2.94570833333333;0.0372477379857605
8L26549;2008.27.B.223.A.1;2008;0;NA;NA;8L48315;5;2008.27.B.223.A;12;1;8.115;0;2.936304;0.0243048417571284
8L26550;2008.27.B.223.A.1;2008;0;24.2;17.8;8L48315;5;2008.27.B.223.A;12;1;8.115;0;2.936304;0.0243048417571284
8L26551;2008.27.B.223.A.1;2008;0;21.5;17.2;8L48315;5;2008.27.B.223.A;12;1;8.115;0;2.936304;0.0243048417571284
8L26552;2008.27.B.223.A.1;2008;0;21.7;16.8;8L48315;5;2008.27.B.223.A;12;1;8.115;0;2.936304;0.0243048417571284
8L26553;2008.27.B.111.A.1;2008;0;21.5;16.5;8981024;5;2008.27.B.111.A;13;1;7.23;0;2.858924;0.0289258007822115
8L26554;2008.27.B.111.A.1;2008;0;20.9;16.7;8981024;5;2008.27.B.111.A;13;1;7.23;0;2.858924;0.0289258007822115
8L26555;2008.27.B.111.A.1;2008;0;21.3;15.8;8981024;5;2008.27.B.111.A;13;1;7.23;0;2.858924;0.0289258007822115
8L26556;2008.27.B.111.A.1;2008;0;26;17.3;8981024;5;2008.27.B.111.A;13;1;7.23;0;2.858924;0.0289258007822115
8L26598;2008.27.B.218.A.1;2008;0;25.5;19.5;8L19898;4;2008.27.B.218.A;10;1;8.775;0.119999999999999;3.027675;0.0408118033645338
8L26599;2008.27.B.218.A.1;2008;0;23.4;17.9;8L19898;4;2008.27.B.218.A;10;1;8.775;0.119999999999999;3.027675;0.0408118033645338
8L64908;2008.27.B.218.A.1;2008;0;21.4;18.5;8L19898;4;2008.27.B.218.A;10;1;8.775;0.119999999999999;3.027675;0.0408118033645338
8L64906;2008.27.B.3.B.1;2008;0;26.7;19;2008Mo03;5;2008.27.B.3.B;10;1;11.51;0.0999999999999994;3.168892;0.118934689448062
8L64907;2008.27.B.3.B.1;2008;0;19.3;17.3;2008Mo03;5;2008.27.B.3.B;10;1;11.51;0.0999999999999994;3.168892;0.118934689448062
8L64909;2008.27.A.830.A.1;2008;0;NA;NA;8309171;4;2008.27.A.830.A;9;1;10.42;0.119999999999999;3.02675;0.0284630723305987
8L64910;2008.27.A.830.A.1;2008;0;26;19.3;8309171;4;2008.27.A.830.A;9;1;10.42;0.119999999999999;3.02675;0.0284630723305987
8L64911;2008.27.A.63.A.1;2008;0;NA;NA;8816486;4;2008.27.A.63.A;NA;1;11.295;0;3.0146225;0.0176893193852796
8L64912;2008.27.A.63.A.1;2008;0;NA;NA;8816486;4;2008.27.A.63.A;NA;1;11.295;0;3.0146225;0.0176893193852796
8L64913;2008.27.A.63.A.1;2008;0;NA;NA;8816486;4;2008.27.A.63.A;NA;1;11.295;0;3.0146225;0.0176893193852796
8L64914;2008.27.A.63.A.1;2008;0;NA;NA;8816486;4;2008.27.A.63.A;NA;1;11.295;0;3.0146225;0.0176893193852796
8L64212;2008.27.B.221.A.1;2008;1;30.2;19.7;8309285;5;2008.27.B.221.A;10;1;8.815;0.539999999999999;3.14495;0.0208580104933047
8L64213;2008.27.B.221.A.1;2008;0;27;18.2;8309285;5;2008.27.B.221.A;10;1;8.815;0.539999999999999;3.14495;0.0208580104933047
8L64214;2008.27.B.221.A.1;2008;0;18;16.1;8309285;5;2008.27.B.221.A;10;1;8.815;0.539999999999999;3.14495;0.0208580104933047
8L64969;2008.27.A.75.A.2;2008;0;NA;NA;8L48448;5;2008.27.A.75.A;12;2;10.69;0.119999999999999;3.347146;0.0294316291647561
8L64970;2008.27.A.75.A.2;2008;1;27.7;19.8;8L48448;5;2008.27.A.75.A;12;2;10.69;0.119999999999999;3.347146;0.0294316291647561
8L64971;2008.27.A.75.A.2;2008;1;29.5;20;8L48448;5;2008.27.A.75.A;12;2;10.69;0.119999999999999;3.347146;0.0294316291647561
8L64972;2008.27.A.75.A.2;2008;0;27.1;19.2;8L48448;5;2008.27.A.75.A;12;2;10.69;0.119999999999999;3.347146;0.0294316291647561
X000075;2008.27.A.75.A.2;2008;0;NA;NA;8L48448;5;2008.27.A.75.A;12;2;10.69;0.119999999999999;3.347146;0.0294316291647561
8L64999;2008.27.B.29.A.2;2008;0;28.4;19.6;8309263;6;2008.27.B.29.A;9;2;10.38;0.699999999999999;3.018234;0.0151681868512841
8L65000;2008.27.B.29.A.2;2008;0;23.5;18.9;8309263;6;2008.27.B.29.A;9;2;10.38;0.699999999999999;3.018234;0.0151681868512841
8L89201;2008.27.B.29.A.2;2008;0;27.4;19.3;8309263;6;2008.27.B.29.A;9;2;10.38;0.699999999999999;3.018234;0.0151681868512841
8L89202;2008.27.B.29.A.2;2008;1;26.4;18;8309263;6;2008.27.B.29.A;9;2;10.38;0.699999999999999;3.018234;0.0151681868512841
8L89203;2008.27.B.29.A.2;2008;0;17.8;15.4;8309263;6;2008.27.B.29.A;9;2;10.38;0.699999999999999;3.018234;0.0151681868512841
8L89204;2008.27.B.833.A.1;2008;0;23;17.2;2008Mo04;5;2008.27.B.833.A;9;1;10.38;0.699999999999999;2.865156;0.0107344542856702
8L89205;2008.27.B.833.A.1;2008;0;24.9;18.6;2008Mo04;5;2008.27.B.833.A;9;1;10.38;0.699999999999999;2.865156;0.0107344542856702
8L89206;2008.27.B.833.A.1;2008;0;22;17.7;2008Mo04;5;2008.27.B.833.A;9;1;10.38;0.699999999999999;2.865156;0.0107344542856702
8L89207;2008.27.B.833.A.1;2008;0;22.6;19;2008Mo04;5;2008.27.B.833.A;9;1;10.38;0.699999999999999;2.865156;0.0107344542856702
8L89208;2008.27.B.219.A.2;2008;0;NA;NA;8L52305;6;2008.27.B.219.A;10;2;10.565;0.599999999999999;3.08666;0.0186313753629371
8L89209;2008.27.B.219.A.2;2008;1;31.1;17.1;8L52305;6;2008.27.B.219.A;10;2;10.565;0.599999999999999;3.08666;0.0186313753629371
8L89210;2008.27.B.219.A.2;2008;1;31.7;19.8;8L52305;6;2008.27.B.219.A;10;2;10.565;0.599999999999999;3.08666;0.0186313753629371
8L89211;2008.27.B.219.A.2;2008;1;35;19.3;8L52305;6;2008.27.B.219.A;10;2;10.565;0.599999999999999;3.08666;0.0186313753629371
8L89212;2008.27.B.219.A.2;2008;0;29.4;17.4;8L52305;6;2008.27.B.219.A;10;2;10.565;0.599999999999999;3.08666;0.0186313753629371
8L89292;2008.27.B.50.G.1;2008;0;23.7;18.3;8L64901;5;2008.27.B.50.G;9;1;11.945;0.379999999999999;2.372188;0.0400064614596746
8L89293;2008.27.B.50.G.1;2008;0;25.6;18.5;8L64901;5;2008.27.B.50.G;9;1;11.945;0.379999999999999;2.372188;0.0400064614596746
8L89294;2008.27.B.50.G.1;2008;0;19;17.5;8L64901;5;2008.27.B.50.G;9;1;11.945;0.379999999999999;2.372188;0.0400064614596746
8L89401;2008.27.A.40.A.3;2008;0;26.7;17.8;8887451;5;2008.27.A.40.A;10;3;11.415;0;2.653584;0.0621718257762441
8L89402;2008.27.A.40.A.3;2008;0;25.2;17.6;8887451;5;2008.27.A.40.A;10;3;11.415;0;2.653584;0.0621718257762441
8L89403;2008.27.A.40.A.3;2008;0;NA;NA;8887451;5;2008.27.A.40.A;10;3;11.415;0;2.653584;0.0621718257762441
8L89809;2009.27.B.2.B.1;2009;0;22.8;18.3;8L64933;4;2009.27.B.2.B;11;1;9.94;0;3.294885;0.0175893551048979
8L89810;2009.27.B.2.B.1;2009;0;23;19.1;8L64933;4;2009.27.B.2.B;11;1;9.94;0;3.294885;0.0175893551048979
8L89811;2009.27.B.1.B.1;2009;0;22.4;19;8L89265;6;2009.27.B.1.B;10;1;9.63;0;2.532185;0.074326540893244
8L89823;2009.27.A.25.A.1;2009;0;NA;NA;8L48448;6;2009.27.A.25.A;11;1;8.915;0;2.94830666666667;0.0633686800296425
8L89824;2009.27.A.25.A.1;2009;0;NA;NA;8L48448;6;2009.27.A.25.A;11;1;8.915;0;2.94830666666667;0.0633686800296425
8L89825;2009.27.A.25.A.1;2009;0;NA;NA;8L48448;6;2009.27.A.25.A;11;1;8.915;0;2.94830666666667;0.0633686800296425
8L89826;2009.27.A.25.A.1;2009;0;NA;NA;8L48448;6;2009.27.A.25.A;11;1;8.915;0;2.94830666666667;0.0633686800296425
8L89836;2009.27.A.17.A.1;2009;1;30.4;19.9;8L49974;6;2009.27.A.17.A;11;1;8.515;0.939999999999999;2.58505166666667;0.0402985893609014
8L89837;2009.27.A.17.A.1;2009;0;28;18.1;8L49974;6;2009.27.A.17.A;11;1;8.515;0.939999999999999;2.58505166666667;0.0402985893609014
8L89840;2009.27.B.33.A.1;2009;0;23.3;18.2;8L89521;6;2009.27.B.33.A;11;1;8.515;0.939999999999999;2.87451833333333;0.0406939127199098
8L89841;2009.27.B.33.A.1;2009;0;25.1;19.5;8L89521;6;2009.27.B.33.A;11;1;8.515;0.939999999999999;2.87451833333333;0.0406939127199098
8L89842;2009.27.B.33.A.1;2009;0;26.1;18.9;8L89521;6;2009.27.B.33.A;11;1;8.515;0.939999999999999;2.87451833333333;0.0406939127199098
8L89850;2009.27.B.155.A.1;2009;0;27.6;18.8;8L89370;5;2009.27.B.155.A;10;1;8.545;2.02;2.829484;0.0337379427289436
8L89851;2009.27.B.155.A.1;2009;0;20.5;17.4;8L89370;5;2009.27.B.155.A;10;1;8.545;2.02;2.829484;0.0337379427289436
8L89852;2009.27.B.147.A.1;2009;0;25.9;18.8;8L89503;4;2009.27.B.147.A;10;1;8.545;2.02;3.0561275;0.0162761544777375
8L89853;2009.27.B.147.A.1;2009;0;19.6;17.2;8L89503;4;2009.27.B.147.A;10;1;8.545;2.02;3.0561275;0.0162761544777375
8L89854;2009.27.B.147.A.1;2009;0;NA;NA;8L89503;4;2009.27.B.147.A;10;1;8.545;2.02;3.0561275;0.0162761544777375
8L89855;2009.27.B.147.A.1;2009;0;17.3;17.1;8L89503;4;2009.27.B.147.A;10;1;8.545;2.02;3.0561275;0.0162761544777375
8L89887;2009.27.B.113.A.1;2009;0;28;19.3;8816918;4;2009.27.B.113.A;9;1;8.895;1.88;2.8992275;0.013432398220223
8L89888;2009.27.B.113.A.1;2009;0;28.5;19.1;8816918;4;2009.27.B.113.A;9;1;8.895;1.88;2.8992275;0.013432398220223
8L89889;2009.27.B.113.A.1;2009;0;NA;NA;8816918;4;2009.27.B.113.A;9;1;8.895;1.88;2.8992275;0.013432398220223
X000096;2009.27.B.113.A.1;2009;0;NA;NA;8816918;4;2009.27.B.113.A;9;1;8.895;1.88;2.8992275;0.013432398220223
8L19996;2009.27.B.35.A.1;2009;0;18.6;16.2;8309285;5;2009.27.B.35.A;12;1;10.05;0;3.066792;0.0300524657195377
8L89797;2009.27.B.35.A.1;2009;1;29.8;18.9;8309285;5;2009.27.B.35.A;12;1;10.05;0;3.066792;0.0300524657195377
8L89798;2009.27.B.35.A.1;2009;0;31.8;19;8309285;5;2009.27.B.35.A;12;1;10.05;0;3.066792;0.0300524657195377
8L89799;2009.27.B.35.A.1;2009;0;32.6;20;8309285;5;2009.27.B.35.A;12;1;10.05;0;3.066792;0.0300524657195377
8L89800;2009.27.B.35.A.1;2009;0;30.9;19.9;8309285;5;2009.27.B.35.A;12;1;10.05;0;3.066792;0.0300524657195377
8M31359;2009.27.B.84.A.1;2009;0;NA;NA;8L89368;6;2009.27.B.84.A;10;1;11.205;0;2.79049833333333;0.0442100311674744
8M31360;2009.27.B.84.A.1;2009;1;26.6;19.4;8L89368;6;2009.27.B.84.A;10;1;11.205;0;2.79049833333333;0.0442100311674744
8M31361;2009.27.B.84.A.1;2009;0;NA;NA;8L89368;6;2009.27.B.84.A;10;1;11.205;0;2.79049833333333;0.0442100311674744
8M31362;2009.27.B.84.A.1;2009;0;21;18.6;8L89368;6;2009.27.B.84.A;10;1;11.205;0;2.79049833333333;0.0442100311674744
8M31363;2009.27.B.84.A.1;2009;1;28.7;19.5;8L89368;6;2009.27.B.84.A;10;1;11.205;0;2.79049833333333;0.0442100311674744
8M31374;2009.27.B.67.A.1;2009;1;28.5;19.3;8L89434;7;2009.27.B.67.A;9;1;11.78;0;3.15000714285714;0.0700443202584067
8M31375;2009.27.B.67.A.1;2009;0;16.4;16.1;8L89434;7;2009.27.B.67.A;9;1;11.78;0;3.15000714285714;0.0700443202584067
8M31376;2009.27.B.67.A.1;2009;0;27.8;19.3;8L89434;7;2009.27.B.67.A;9;1;11.78;0;3.15000714285714;0.0700443202584067
8M31377;2009.27.B.67.A.1;2009;0;29.3;18.4;8L89434;7;2009.27.B.67.A;9;1;11.78;0;3.15000714285714;0.0700443202584067
8M31378;2009.27.B.67.A.1;2009;1;27.9;20.1;8L89434;7;2009.27.B.67.A;9;1;11.78;0;3.15000714285714;0.0700443202584067
X000100;2009.27.B.67.A.1;2009;0;NA;NA;8L89434;7;2009.27.B.67.A;9;1;11.78;0;3.15000714285714;0.0700443202584067
8M31439;2009.27.B.41.A.2;2009;0;26;19;8L64970;5;2009.27.B.41.A;9;2;12.835;0;3.064832;0.0692137986723364
8M31440;2009.27.B.41.A.2;2009;0;24.9;19;8L64970;5;2009.27.B.41.A;9;2;12.835;0;3.064832;0.0692137986723364
8M31441;2009.27.B.41.A.2;2009;0;20.3;18.2;8L64970;5;2009.27.B.41.A;9;2;12.835;0;3.064832;0.0692137986723364
8M31442;2009.27.B.41.A.2;2009;0;22.5;18.5;8L64970;5;2009.27.B.41.A;9;2;12.835;0;3.064832;0.0692137986723364
8M31443;2009.27.B.41.A.2;2009;0;20;17.3;8L64970;5;2009.27.B.41.A;9;2;12.835;0;3.064832;0.0692137986723364
8M31444;2009.27.B.99.A.1;2009;1;24.6;19.2;8L89537;6;2009.27.B.99.A;11;1;12.835;0;2.542335;0.0628810055172438
8M31445;2009.27.B.99.A.1;2009;1;20.7;17.8;8L89537;6;2009.27.B.99.A;11;1;12.835;0;2.542335;0.0628810055172438
8M31446;2009.27.B.99.A.1;2009;0;24.2;18;8L89537;6;2009.27.B.99.A;11;1;12.835;0;2.542335;0.0628810055172438
8M31447;2009.27.B.99.A.1;2009;1;15.5;16.1;8L89537;6;2009.27.B.99.A;11;1;12.835;0;2.542335;0.0628810055172438
8M31448;2009.27.B.99.A.1;2009;0;25;19.5;8L89537;6;2009.27.B.99.A;11;1;12.835;0;2.542335;0.0628810055172438
X000104;2009.27.B.99.A.1;2009;0;NA;NA;8L89537;6;2009.27.B.99.A;11;1;12.835;0;2.542335;0.0628810055172438
8M31460;2009.27.B.75.A.1;2009;0;23.9;19.7;8L89521;7;2009.27.B.75.A;10;1;12.42;0;2.82264142857143;0.0592627196530446
8M31461;2009.27.B.75.A.1;2009;0;25;19;8L89521;7;2009.27.B.75.A;10;1;12.42;0;2.82264142857143;0.0592627196530446
8M31462;2009.27.B.75.A.1;2009;0;25.1;20.4;8L89521;7;2009.27.B.75.A;10;1;12.42;0;2.82264142857143;0.0592627196530446
8M31463;2009.27.B.75.A.1;2009;1;24.1;20.2;8L89521;7;2009.27.B.75.A;10;1;12.42;0;2.82264142857143;0.0592627196530446
8M31464;2009.27.B.75.A.1;2009;0;15.8;18;8L89521;7;2009.27.B.75.A;10;1;12.42;0;2.82264142857143;0.0592627196530446
8M31465;2009.27.B.75.A.1;2009;0;21.5;19.5;8L89521;7;2009.27.B.75.A;10;1;12.42;0;2.82264142857143;0.0592627196530446
8M31466;2009.27.B.75.A.1;2009;0;25.6;20.2;8L89521;7;2009.27.B.75.A;10;1;12.42;0;2.82264142857143;0.0592627196530446
8M31467;2009.27.B.163.A.2;2009;0;26.8;19.2;8L48315;5;2009.27.B.163.A;10;2;12.42;0;2.652366;0.0474551128116142
8M31468;2009.27.B.163.A.2;2009;1;28.1;19.9;8L48315;5;2009.27.B.163.A;10;2;12.42;0;2.652366;0.0474551128116142
8M31469;2009.27.B.163.A.2;2009;0;27.4;19.4;8L48315;5;2009.27.B.163.A;10;2;12.42;0;2.652366;0.0474551128116142
8M31470;2009.27.B.163.A.2;2009;0;28.4;19;8L48315;5;2009.27.B.163.A;10;2;12.42;0;2.652366;0.0474551128116142
8M31471;2009.27.B.163.A.2;2009;0;NA;NA;8L48315;5;2009.27.B.163.A;10;2;12.42;0;2.652366;0.0474551128116142
8M31476;2009.27.B.20.A.1;2009;1;25.4;18.1;8L89384;6;2009.27.B.20.A;8;1;12.795;0;2.240145;0.0686574892038698
8M31477;2009.27.B.20.A.1;2009;0;23.9;18.1;8L89384;6;2009.27.B.20.A;8;1;12.795;0;2.240145;0.0686574892038698
8M31513;2009.27.B.68.A.1;2009;0;29.9;20.5;8L64212;4;2009.27.B.68.A;11;1;14.505;0;2.92015;0.0285173633666222
8M31514;2009.27.B.68.A.1;2009;0;30.8;19.9;8L64212;4;2009.27.B.68.A;11;1;14.505;0;2.92015;0.0285173633666222
8M31515;2009.27.B.68.A.1;2009;0;31.8;20.1;8L64212;4;2009.27.B.68.A;11;1;14.505;0;2.92015;0.0285173633666222
8L89652;2009.27.B.140.A.2;2009;1;24.4;18.5;8309128;5;2009.27.B.140.A;11;2;13.02;1.56;2.595444;0.0386387847662485
8L89653;2009.27.B.140.A.2;2009;0;21.5;17.4;8309128;5;2009.27.B.140.A;11;2;13.02;1.56;2.595444;0.0386387847662485
8L89654;2009.27.B.140.A.2;2009;1;23.4;17.5;8309128;5;2009.27.B.140.A;11;2;13.02;1.56;2.595444;0.0386387847662485
8L89655;2009.27.B.140.A.2;2009;1;23.9;17.9;8309128;5;2009.27.B.140.A;11;2;13.02;1.56;2.595444;0.0386387847662485
8L89661;2009.27.B.98.A.2;2009;0;28;18.6;8L26591;3;2009.27.B.98.A;11;2;13.02;1.56;2.59581666666667;0.0866481896519688
8L89662;2009.27.B.98.A.2;2009;0;25.5;15.7;8L26591;3;2009.27.B.98.A;11;2;13.02;1.56;2.59581666666667;0.0866481896519688
8M31594;2009.27.B.171.A.3;2009;0;17.5;17;8L30599;4;2009.27.B.171.A;13;3;14.74;0;3.0701925;0.0352562182397908
8M31595;2009.27.B.171.A.3;2009;0;NA;NA;8L30599;4;2009.27.B.171.A;13;3;14.74;0;3.0701925;0.0352562182397908
8L89693;2009.27.B.172.A.1;2009;0;22.1;18.7;8L89741;5;2009.27.B.172.A;12;1;15.12;0;2.498964;0.0119146879394506
8L89694;2009.27.B.172.A.1;2009;0;21.1;18.2;8L89741;5;2009.27.B.172.A;12;1;15.12;0;2.498964;0.0119146879394506
8L89695;2009.27.B.172.A.1;2009;0;22.4;18.2;8L89741;5;2009.27.B.172.A;12;1;15.12;0;2.498964;0.0119146879394506
8M31722;2009.27.B.90.A.3;2009;0;14.9;15.3;8L64283;4;2009.27.B.90.A;9;3;15.05;0.159999999999999;2.8127575;0.0289721860048262
8M31723;2009.27.B.90.A.3;2009;0;19.8;15.7;8L64283;4;2009.27.B.90.A;9;3;15.05;0.159999999999999;2.8127575;0.0289721860048262
