IndividualIdentity	Plot	Year	Aggressivenes	ExplorationScore	BodyMass	BodyMassTime	Tarsus	WingP3	BillLength	ObserverIdentity
1077	10	2010	NA	72	18	7.2	19.5	58	9.9	4
540	10	2010	8	55	17.7	4.9	20	55	11.5	2
1476	10	2010	1.5	51	15.6	6.8	19.3	58	11	5
1550	10	2010	15	56	16.6	6.9	20.3	58	10.6	4
391	10	2010	NA	61	18.3	5.9	20.4	58.5	11	5
319	10	2010	NA	69	18.5	10	20.1	NA	11.3	2
1421	10	2010	9	44	16.6	9.5	18.2	55.5	11	2
883	10	2010	10	69	19.3	4.7	19.7	60	11.5	5
1075	10	2010	0	84	18.4	6.3	19.6	58	10.1	4
880	10	2010	15	84	17.5	6.7	20.3	59.5	11.8	5
322	10	2010	6	49	17.2	6.1	19	59	11.7	5
452	10	2010	NA	40	16.9	5.5	18.3	59	11.2	5
476	10	2010	4	65	16.8	6	19.2	58.5	11.5	5
1344	11	2010	5	46	16.2	8.4	20.2	58.5	10.8	3
975	11	2010	NA	55	16.4	8.5	19.4	57	9.3	4
975	11	2010	NA	85	16.7	4.9	20	57	10.6	2
878	11	2010	9	94	17.6	7.9	20.2	59	11.1	1
313	11	2010	13.5	27	18.3	8.1	20.5	56	11	2
396	11	2010	NA	47	17.6	6.6	20.2	59.5	11.4	2
412	11	2010	6	74	17.9	4.6	20	58	10.7	4
259	11	2010	9	34	17.2	4	20	57	11.1	2
397	11	2010	10	46	16.8	4.8	19.2	60	9.4	4
1499	12	2010	8	65	17.8	4	NA	59	NA	7
704	12	2010	0	66	18.6	7.6	20.1	59.5	10.6	5
465	12	2010	7	37	17.2	9.2	19.7	60	11.5	1
494	12	2010	4	52	18.1	5.6	18.7	57.5	9.5	4
394	12	2010	11.5	35	18.4	7.2	20.3	59.5	11.4	7
1217	12	2010	8	90	17.3	6.8	NA	57.5	12	1
348	12	2010	5	43	18.9	7.3	20.6	59.5	11.4	1
701	12	2010	0	38	16.8	4.2	20.5	61	11.2	5
393	12	2010	13	73	18.2	4.6	20.6	60	12	5
347	12	2010	5.5	41	15.6	6.8	19.2	60.5	11.2	1
481	12	2010	7.5	42	17.6	4.2	20.8	54.5	11.4	2
1218	12	2010	6.5	45	18.1	6.4	20	58	11.5	1
693	12	2010	8	46	20.5	5.8	20.5	60.5	10.5	5
1220	12	2010	10	80	18.5	4	21	58.5	11.5	1
644	12	2010	10	73	17.9	7	19.1	57.5	10.1	4
644	12	2010	10	5	17.4	6	19.3	58	11	5
262	12	2010	3.5	29	17.6	5.5	20.5	60.5	11.4	1
432	12	2010	5	63	17.1	4.8	19.8	60	10.9	1
702	12	2010	NA	74	17.6	6.4	19.4	59	10.7	5
791	12	2010	15	75	19.1	5.5	20.8	59.5	11.2	7
372	13	2010	8	7	17.5	4.2	19.8	57	10.1	4
714	13	2010	6	52	17	7.8	19.4	58	10.8	3
437	13	2010	8.5	52	16.8	5.5	18.3	60.5	10.9	5
369	13	2010	2	36	19.2	5.4	19.9	59	11.1	1
980	13	2010	0	39	17.7	5	19.4	58	11.6	1
1349	13	2010	8	63	17.2	8.4	20.1	57.5	11.9	7
691	13	2010	15	61	18.8	7	21	59	10.7	5
1210	13	2010	7	103	18.1	8.6	20.6	57.5	11.4	1
1211	13	2010	2	75	17.9	9.1	20	59	10.9	1
424	13	2010	15	67	16.5	6.2	19.3	57	10.2	4
423	13	2010	12.5	69	17.1	9.2	20	58	11.2	7
706	13	2010	0	69	18.3	8.9	20.1	58	10.4	5
480	14	2010	NA	28	18.9	9.1	19.9	56.5	11.3	3
1214	14	2010	NA	44	18.1	10.1	20.6	56	10.4	3
1434	14	2010	10	38	17.6	4.1	20.1	58	11.2	4
713	14	2010	NA	43	16.9	4.5	19.6	59	11.5	3
488	14	2010	NA	80	17.7	8.4	20.1	57.5	11.7	2
1224	14	2010	1.5	67	16.4	8.8	18.3	58	9.8	3
1208	15	2010	10.5	66	18.9	9.1	19.6	57	9.8	4
1435	15	2010	17.5	54	17	6.7	19.3	59	10.6	4
461	15	2010	10	76	17.8	9.6	19.2	59	10	4
463	16	2010	3	56	18.3	5.6	19.8	59	10.8	5
447	16	2010	NA	89	18.2	6.7	19.8	58	11	3
446	16	2010	NA	65	15.4	3.8	19.4	57.5	11.2	3
1216	16	2010	2.5	46	17	4.4	19.9	58	11.1	5
1437	16	2010	0	91	16.6	9.2	20	57	10.6	4
331	16	2010	5	21	17.8	5.8	19	58.5	11.1	5
329	16	2010	25	90	17.5	7.3	20.1	57	11.7	1
1464	16	2010	3	63	17.6	6.4	20.2	59.5	10.7	3
1465	16	2010	30	82	17.1	6.9	20.3	57.5	11.1	3
332	16	2010	5	36	18.4	7.7	19.6	58	10.6	3
1461	16	2010	3	40	19.3	7.6	19.3	58	11	5
977	16	2010	3	87	17.3	9.4	20.8	59.5	11.4	7
449	16	2010	10	81	19.3	7	20	57	11.4	3
548	16	2010	2.5	66	18.4	4.5	20.2	58	9.8	4
495	16	2010	8	56	18.1	5.6	20.9	58.5	11.7	5
451	16	2010	2	80	18.8	6.6	19.5	58	10	4
382	16	2010	3	40	17.7	3.9	NA	57.5	NA	7
472	16	2010	12.5	67	19.5	6.7	20.6	61	11.5	5
384	16	2010	12.5	40	19.5	7.2	21	59	10.7	5
379	16	2010	12.5	NA	18.2	4.1	19.8	58	11.3	5
1481	17	2010	7.5	85	17.6	5.5	21.3	61	10.9	4
708	17	2010	15	NA	NA	NA	NA	NA	NA	1
1073	17	2010	NA	60	17	5.9	19.6	57.5	10.5	3
1482	17	2010	2	31	17.1	7.3	19.6	55	10.8	4
1071	17	2010	5	72	18.2	4.8	20.7	57.5	11	3
572	17	2010	NA	34	17.9	8.8	20.6	61.5	11.2	5
399	17	2010	NA	81	17.3	7.6	19.9	60	11.3	5
479	18	2010	12.5	14	17.7	5.7	20.2	57.5	10.1	3
490	18	2010	7	59	16.2	7.5	20.3	62	9.8	4
1428	18	2010	15	71	16.2	5.2	20.2	58.5	10.5	3
1427	18	2010	8	35	17	4.3	20.3	58.5	11.6	3
1548	18	2010	NA	73	17.3	7.7	20.2	59	11	5
377	18	2010	NA	55	17.2	7.9	20	58.5	11.1	3
550	18	2010	5	58	17.5	8.3	20.5	61	12	5
1222	18	2010	10	79	17.1	6.8	20.1	58	10	3
1238	19	2010	1	75	18.2	7.4	20.7	52.5	10.3	9
1346	19	2010	4	76	18.5	5.9	19.1	59.5	10.7	9
1239	19	2010	4.5	75	19	7.1	19.9	59	11.7	9
413	19	2010	2.5	7	18	7.1	19.7	55.5	9.7	4
420	19	2010	6.5	59	18.8	4.3	20	61	12	1
440	19	2010	3	48	18.4	6.7	20.8	61	10.9	9
388	19	2010	6	5	18.9	8	19.6	57.5	11.1	1
1431	19	2010	12.5	55	18.2	10.1	21.1	56.5	11	3
417	19	2010	12	79	18.5	4.6	19.7	NA	12.2	7
416	19	2010	5.5	38	16.9	4.8	19.4	55.5	11.6	7
1351	19	2010	NA	68	NA	NA	NA	NA	NA	NA
1240	19	2010	2	45	17.2	5.6	19.4	59	11.2	7
1235	19	2010	8.5	68	17.3	8.7	19.4	56.5	11.4	7
402	19	2010	12.5	84	18.6	4	20.2	59	10.1	4
1308	19	2010	2.5	103	17.7	6.3	18.9	57.5	11.2	1
403	19	2010	5	63	16.2	8	19.5	55.5	10.9	4
1236	19	2010	NA	80	17.9	8.5	20	59	12	7
982	19	2010	5	47	18.4	5.8	19.6	60	10.6	4
1234	19	2010	NA	56	18.7	8.9	20.2	59	11.5	7
455	20	2010	25	88	18.9	6	20	58.5	10.7	4
464	20	2010	20	NA	18	8.3	19.5	60	10.4	5
444	20	2010	15	64	18.3	4	20.3	60	11	5
981	20	2010	15	87	16.5	4.5	19.5	58	9.2	4
1342	20	2010	20	93	17.6	6.4	19.5	59.5	10.8	5
443	20	2010	15	57	19.2	7.4	19.9	60	9.6	4
429	20	2010	7	36	17.4	4.8	19.4	58	NA	4
409	20	2010	8.5	64	18	6.6	20.7	56	11.4	9
430	20	2010	NA	65	17.4	5.2	19.9	61	9.6	4
1424	20	2010	7	74	NA	6.2	20	59	12	5
569	21	2010	10	42	18	8.7	19.6	55.5	11.7	2
1067	21	2010	0	75	17.9	8.5	19.6	61	11	5
378	21	2010	12	45	17.6	7.6	19.2	59	11.2	5
699	21	2010	12.5	49	18	4.9	19.9	58	10.1	4
1340	21	2010	NA	64	17.6	8.1	19.5	57	11	5
876	21	2010	4	57	16.9	3.7	19.4	58	11.5	2
1422	21	2010	NA	65	17.1	8.4	18.5	58	11	5
365	21	2010	15	56	18.7	4	20.6	57.5	11.1	2
1556	21	2010	NA	49	16.6	4.5	20	60	11	4
493	21	2010	25	102	17.4	9.3	20.5	60	10.5	5
477	21	2010	10	50	17	NA	19.5	60	11	5
1229	21	2010	1	41	18.4	7.7	19.9	60	10.4	4
366	21	2010	NA	33	17.5	3.6	19.8	59	11.4	1
1068	21	2010	1.5	65	16.4	7.7	19.4	59	10.5	5
1961	10	2011	8	37	16.5	4.5	19.5	60	11.6	21
389	10	2011	10	41	17.7	5.9	20	56.5	11.8	19
3099	10	2011	NA	52	16.7	7.6	19.6	58.5	11.9	8
1550	10	2011	10	66	16.7	7	19.9	59.5	12.2	3
319	10	2011	20	46	18	6	19.9	60	11.5	21
2303	10	2011	5.5	61	17.1	6.4	19.7	60	11.4	3
391	10	2011	2	77	18.2	5.8	20.7	58	10.5	5
3206	10	2011	NA	44	17	4.7	20.3	56.3	11.9	15
322	10	2011	NA	37	16.8	7.1	18.8	59	12	21
452	10	2011	6	NA	16.5	9.6	18.6	59.5	10.8	3
1918	10	2011	NA	56	17	6.9	19.6	58	11.3	3
476	10	2011	10	56	17.2	6.3	19.3	58.5	11.4	3
2297	11	2011	2.5	85	18	6.7	19.1	60.5	11.6	21
975	11	2011	12.5	78	16.2	5.5	20	61.5	10.4	3
1925	11	2011	8	43	17.8	6.7	19.7	58	11	15
2917	11	2011	10.5	86	16	4.5	19.5	56	11	8
2300	11	2011	10	74	18.2	8.4	20	55.5	11.9	21
3103	11	2011	5.5	76	18.3	4.2	19.6	61	11.7	8
313	11	2011	15	35	18.5	4.6	19.9	59.5	11.6	21
396	11	2011	5	28	17	5.1	19.5	61	11.7	21
412	11	2011	NA	42	17.1	6.8	20	61	11.7	8
411	11	2011	8	61	16.8	7.2	20.1	60.5	11.3	5
259	11	2011	14.5	18	17.2	8.2	19.8	59	10.4	8
2298	11	2011	10	73	15.8	6.8	19.4	58.8	11.7	21
2916	11	2011	9.5	48	16.6	10	20.5	58.5	11	8
1763	11	2011	NA	51	17.2	9.3	20.3	59	11.1	17
1499	12	2011	12	4	18	9.6	20	59	10.4	15
2217	12	2011	0	59	17.1	4.3	20.1	58	10.8	4
2629	12	2011	1	83	17.3	9	20.2	59.5	11.5	3
1649	12	2011	NA	17	17.6	6.8	19.8	61	11.6	21
393	12	2011	3	82	18.5	7.9	20.6	59	11.8	19
2628	12	2011	0	67	17.7	9.6	19.7	59.5	11.5	3
262	12	2011	3	11	19.8	4.2	20.6	59	10.5	17
693	12	2011	NA	3	18.7	4.3	20.2	60.5	11.2	3
3211	12	2011	NA	91	17.1	8.8	20.4	59	11.2	5
432	12	2011	4	74	17.1	8.1	19.6	60	10.4	9
644	12	2011	11	45	17.2	NA	19.5	62	11.9	21
702	12	2011	5.5	61	17.3	4.4	20.5	58.5	11.5	2
2559	13	2011	0	73	17.4	7.6	19.9	58.5	11.2	8
436	13	2011	8	50	16.6	4.6	20	60	11.8	19
2381	13	2011	NA	87	17.8	5.6	20.9	58	11.2	2
3241	13	2011	13	61	17.2	9.4	20.1	59.5	11.4	19
2382	13	2011	6.5	91	16.7	6.1	19.4	56.5	11.7	2
1210	13	2011	10	94	18.3	6.9	20.5	60.5	11.7	19
2637	13	2011	20	65	17.2	7.3	19.3	59	11	8
1211	13	2011	7.5	32	16.6	4.5	20.6	60.5	10.7	3
423	13	2011	20	50	17.2	8.3	20.4	59	11.6	15
691	13	2011	18	40	18	6	21.4	58	10.9	17
480	14	2011	1	37	17.4	5.5	19.3	58	11.7	21
3030	14	2011	NA	71	17	5.1	19.2	60	11.3	21
1214	14	2011	13	76	17.6	9.1	20.5	57	10.9	4
713	14	2011	15	3	16.3	3.8	19.6	57	11.5	2
3243	14	2011	8.5	28	14.9	5.3	19.3	56.5	11.2	17
1224	14	2011	8	74	16.5	6.4	18.1	61	11.6	21
3205	14	2011	8	97	16.8	8.1	19.8	56.5	11.3	15
3138	14	2011	3	72	17.5	5.4	19.7	58.5	11.4	21
2498	15	2011	1	63	16.4	8	18.8	57	10.6	9
2377	15	2011	4	54	16	5.9	19.5	56	11.2	4
351	15	2011	5	70	18.3	5.8	19.8	58	11.9	21
2497	15	2011	13	63	15.8	7.8	19.4	61	10.9	5
3040	15	2011	0	42	16.8	6.4	19.2	57.5	NA	1
2906	15	2011	NA	72	17.7	8.9	19.9	58.5	11.7	21
2760	15	2011	NA	53	17.3	5.1	19.8	62.5	10.6	3
2912	15	2011	5	82	17.2	8.1	20.5	56	12.1	2
3250	15	2011	3	50	16.5	4.8	20.2	58.5	11.7	19
2638	16	2011	11.5	53	17.6	5.6	20.9	60.5	11	8
3032	16	2011	NA	63	17.9	6.7	20.5	56	11.5	2
447	16	2011	25	44	17.3	4.4	19.9	59.5	11.1	19
331	16	2011	NA	44	16.9	4.3	19.1	61	11.4	5
463	16	2011	NA	45	17.4	8.7	20.2	56	11	2
1895	16	2011	0	80	15.8	5.5	18.6	57.5	10.3	15
3208	16	2011	4	60	17.7	7.7	19.7	59	11.6	19
1897	16	2011	5	74	18	7.3	20.1	58	11.2	3
1896	16	2011	4	35	17.7	8.4	20	60	12.7	1
1437	16	2011	NA	75	17.3	5.5	19.8	60.5	11.9	1
2558	16	2011	18	62	16.7	9.1	19.7	57.5	11.9	2
2378	16	2011	2	53	17.2	7.6	20.4	60.5	12	21
1949	16	2011	NA	45	17.9	5.6	20.2	59	10.3	19
384	16	2011	NA	54	19.2	4.7	21.1	59	10.9	1
472	16	2011	6	69	19.3	9.4	20.7	61.5	11.2	17
1964	17	2011	7.5	4	18.5	8.5	20.6	59.5	11.4	4
3091	17	2011	13	54	17	10.4	20.9	58	11.3	21
3142	17	2011	0	61	17.5	4.8	19.6	56	11.4	17
1481	17	2011	8	100	17	10.4	22	58.5	11.6	4
2899	17	2011	NA	72	18	7.4	20	57.5	11.6	19
3207	17	2011	5.5	56	17.1	4.4	19.7	59.5	11.4	8
483	17	2011	13	36	18.2	3.9	20.7	61.5	11.8	4
1071	17	2011	NA	65	18.1	5.9	20.4	57.5	11.7	4
3141	17	2011	0	33	17.2	5.2	19.7	57.5	10.7	17
486	17	2011	15	39	17.2	6.9	20.5	60.5	10.2	15
3026	17	2011	27	63	16.9	5.1	19.8	57	11.4	4
375	18	2011	13	60	16	7.3	19.7	59	10.1	17
479	18	2011	15	24	17.7	10.1	19.8	58.5	11.4	3
3027	18	2011	0	108	18.3	9.1	20.2	58	11.3	4
3097	18	2011	NA	54	17.5	8.1	20	61	10.4	15
2903	18	2011	7	64	16.5	4.9	20.6	57	11.5	19
2291	18	2011	2	23	17.9	6.1	NA	56.5	10.9	8
377	18	2011	NA	41	17.8	7.9	19.8	58	12	4
3231	18	2011	NA	59	17.1	10.2	19.1	58	12.1	21
373	18	2011	NA	66	18.8	9	20	60	11	17
2901	18	2011	0	54	17.5	5.6	20.3	59	11.3	19
1848	18	2011	11	76	20.5	5.5	20.4	59.5	11.1	15
1238	19	2011	9.5	103	18.5	6.4	20.8	59.5	10.8	5
1346	19	2011	NA	59	18.8	9.1	19.5	59.5	11.3	15
1905	19	2011	1	63	17.9	9.6	20.9	57	11.5	19
440	19	2011	3	28	17.9	9.4	19.8	59	12	15
1899	19	2011	2.5	72	17.5	8.3	19.9	57	11.9	15
579	19	2011	NA	67	17	9.2	20	61	10.8	17
3037	19	2011	8	61	18.3	9.1	20.6	59.5	11.4	5
298	19	2011	NA	31	17.6	9.6	20.2	60.5	11.6	9
3038	19	2011	6	80	17.2	9.5	20.8	60	12.3	5
2495	19	2011	NA	72	16.9	10.4	20.3	57	11.3	4
402	19	2011	14.5	9	18.6	9.2	20.9	59	11.7	4
1370	19	2011	8	74	18.5	9.9	20.6	59.5	11.8	19
1902	19	2011	15	35	17.6	10.5	19.7	59.5	10.9	19
3094	19	2011	4	62	19.5	10.3	20.5	60	11.8	2
1234	19	2011	20	58	17.6	9.2	20	60	12.1	8
1236	19	2011	NA	95	17.4	5.5	20.2	57.5	12.5	5
1890	20	2011	NA	49	18.8	7.9	20.7	55.5	10.6	8
946	20	2011	6	77	16.5	7.4	19.6	58	11.3	15
1944	20	2011	8	73	18.8	8.2	21	NA	11.5	8
2907	20	2011	0	69	16.5	4.3	19.8	57	11.1	9
443	20	2011	NA	72	19	6.9	20.5	59	9.8	15
444	20	2011	15	65	18.5	5.3	20	59	10.5	15
1892	20	2011	15	41	16.9	8.5	19.8	54.5	11.3	4
2914	20	2011	0	80	NA	NA	NA	NA	NA	NA
409	20	2011	0	64	17.7	5.5	20.3	59	11.3	5
3035	20	2011	NA	NA	17.2	4.8	19.7	59.5	10.9	1
1340	21	2011	9.5	60	17.9	4.9	19.9	58	10	19
2635	21	2011	0.5	44	16.9	9.9	19.7	60	11	19
1305	21	2011	8	24	16.5	6	19.8	58.5	10.7	19
493	21	2011	25	5	16.8	4.7	20.2	59.5	11.5	15
1361	21	2011	NA	41	17.2	8.3	20.1	57	10.8	19
2627	21	2011	7	27	18.1	7.1	19.9	62	12.3	9
1422	21	2011	11.5	55	15.6	10.1	18.7	59	11.5	8
428	21	2011	NA	48	17.2	7.8	19.9	57.5	11.5	1
2293	21	2011	0	84	17	4.6	20	58	11.2	4
2634	21	2011	NA	88	17.6	9.8	19.4	60	11	5
366	21	2011	28	47	17.5	5.5	19.6	59	11.4	15
1930	21	2011	7	6	16.8	9.3	18.4	57	10.5	15
3093	21	2011	0	81	17	8.8	20.1	NA	11.7	9
1306	21	2011	0	60	17	5.1	19.9	57.5	10.9	17
2290	21	2011	3.5	55	16.8	4.3	19.6	58	11.2	15
6766	10	2012	1.5	46	17.9	4.4	19.6	59	11.3	26
1961	10	2012	5	26	16.7	5.9	19.5	61	11.5	32
6727	10	2012	NA	55	16.7	5.3	19.2	59	11.9	28
6337	10	2012	6.5	29	17	3.6	20.8	59	11	37
3099	10	2012	8	30	17.5	6.5	19.7	59	12	28
1550	10	2012	10	70	17	5.4	20.5	59	11	26
1719	10	2012	6	63	19.1	10	20.3	56	11.2	31
6325	10	2012	12.5	83	19.1	5.2	21.2	59.5	11.2	31
319	10	2012	4	43	19.1	9.2	19.9	59	10.9	28
3206	10	2012	12.5	55	17.4	5.2	20.4	58	11.5	32
6075	10	2012	8.5	23	17	3.8	20.2	57.5	11.3	26
2071	10	2012	15	55	17.8	3.3	20	59.5	11	9
391	10	2012	5	58	17.6	3.4	20	56.5	10.5	32
6334	10	2012	3.5	41	17	4.6	21	58	11.4	37
6441	10	2012	4	69	17.8	8.1	20	62	11.2	33
476	10	2012	20	31	17.1	3.9	19.3	58.5	10.9	37
326	10	2012	15	14	16.6	3.9	19.7	60	11.1	32
3528	10	2012	NA	73	17.3	4.5	20.1	58	11.4	32
6251	10	2012	8	58	16.7	3.7	19.5	57	11.3	5
2473	10	2012	6	52	16	3.6	19.5	57.5	11.1	31
6074	10	2012	NA	37	16	3.7	20	58	11.5	32
6598	10	2012	15	21	17.2	8.7	19.8	57.5	11.5	31
2300	11	2012	10	54	18.5	9.6	20.3	57.5	11.1	34
2297	11	2012	6	43	17.8	7.1	19.6	58.5	11.1	31
5286	11	2012	2	68	18.3	7.5	20.2	61	11.5	5
3616	11	2012	6	28	17.9	3.8	20.1	61	11.5	33
6464	11	2012	8.5	64	16.9	4.1	20.4	60	11.5	33
5653	11	2012	10	11	18.2	7.1	22.8	58	11.2	37
3617	11	2012	NA	38	17.2	7	20.7	59	10.8	37
313	11	2012	15	23	19.4	6.3	19.7	60	10.9	33
2917	11	2012	3	53	16.6	7.5	19.5	57.5	10.5	32
1927	11	2012	NA	72	17.1	9	20	58	11.3	32
6460	11	2012	NA	62	16.8	4.4	19.9	58	11	32
2837	11	2012	1	78	17.1	6.5	20.4	58	11.3	5
6459	11	2012	7	67	17	3.8	20.1	56	11.2	32
2255	11	2012	0	62	18.4	9.6	19.8	58	11.6	5
3595	11	2012	15	61	18.3	7.3	20.5	59	10.8	28
3594	11	2012	8	NA	18.1	6.9	20	58	11.1	5
6336	11	2012	3	84	16.6	7.8	20.1	56.5	10.8	37
6247	11	2012	8	81	18.2	6.6	19.9	59.5	11.3	5
2834	11	2012	NA	82	17.3	8.5	20.1	58	10.8	28
1499	12	2012	25	63	17.7	3.7	20.3	58.5	11.2	29
2217	12	2012	20	86	16.9	3.7	20.2	61	10.6	28
3183	12	2012	0	39	18	5.6	19.7	59.5	11.5	29
1218	12	2012	NA	51	18.1	4.8	19.9	57.5	11.2	28
644	12	2012	12	12	18.2	8.5	19.4	60	10.1	28
3620	12	2012	2	42	16.7	4.3	18.9	56.5	10.8	29
2628	12	2012	2	55	18.1	4.5	20.3	60.5	11.5	5
3614	12	2012	15	46	17.5	7.7	18.8	59.5	11.5	28
3211	12	2012	0	84	17	6.5	20.1	55.5	10.5	31
702	12	2012	18	36	18.2	4	19.3	61	10.9	28
432	12	2012	18.5	48	17.2	6	19.6	62	10.2	28
5288	12	2012	2.5	76	17.4	3.7	19.7	59.5	11.3	5
5620	13	2012	3.5	44	15.6	3.9	18.5	59	11.1	28
6728	13	2012	1.5	49	18.2	9.6	19.4	60	10.8	28
3306	13	2012	11	55	17.6	4.9	20.8	58.5	11.5	4
3319	13	2012	4	34	17.7	3.8	19.8	58	12.1	28
2559	13	2012	6	57	17.4	3.9	19.5	60	11.8	28
3630	13	2012	12	21	16.7	8.4	19.6	60	11.8	28
2381	13	2012	12.5	76	17.7	3.6	20.4	60	10.8	5
6004	13	2012	1	34	17.3	4.6	20.2	60.5	11.8	28
436	13	2012	6.5	45	16.6	3.4	19.7	59	11	5
1851	13	2012	10	36	17.4	5.3	20.2	59	11.4	9
5618	13	2012	0	76	16.8	4.4	19.5	58.5	10.6	28
6737	13	2012	6	52	19.2	4.7	20.4	58	11.3	37
2382	13	2012	1.5	43	17.8	4.6	19.3	61.5	10.9	9
1210	13	2012	NA	101	18.1	6.3	20.5	61	NA	9
2264	13	2012	1.5	69	17.8	6	19.4	62.5	11	28
3348	13	2012	0	100	16.5	7.9	20.3	59.5	12	29
6253	13	2012	NA	53	17.9	9.6	20.1	60.5	11.5	28
691	13	2012	22	52	18.1	5.4	21.3	59	11.2	9
398	14	2012	10	92	17.3	6.6	19.3	59	11.3	28
480	14	2012	15.5	26	18	4	20	56	11.6	29
5017	14	2012	5	39	18.5	5.6	20.2	58.5	10.9	29
6275	14	2012	10	49	17.3	4.1	19.5	59.5	11.6	29
2220	14	2012	5	51	16.2	4.3	19.2	56.5	11.7	31
3610	14	2012	10	48	18.2	5.1	20.4	57.5	11	31
6596	14	2012	13.5	21	18.6	6.5	19.9	57	11.2	31
6054	14	2012	4.5	44	15.3	5.6	18.5	55.5	11.4	33
6507	14	2012	NA	69	17.4	8.2	19.7	58	11.5	9
713	14	2012	7	46	16.5	4.4	19.5	58	10.1	31
6878	14	2012	1	76	16.5	4.3	20.5	57	11.8	15
3138	14	2012	20	54	17.4	3.8	19.2	60	11.7	33
6936	14	2012	3	45	16.7	4.7	20	60	10.7	28
6052	14	2012	NA	29	18.9	5.2	19.7	61	11.1	33
6517	14	2012	1.5	80	17.7	7.8	20.5	60	11.9	9
5115	15	2012	3	93	16.2	4.2	19.4	60.5	11	28
6896	15	2012	15	62	17.9	9.1	20.1	57.5	11.2	26
5238	15	2012	15	75	17	3.4	19.8	58	11.2	9
2674	15	2012	22.5	67	17.3	8.4	19.2	59	11.3	33
2238	15	2012	30	35	17	5.9	19.5	56.5	10.7	31
2497	15	2012	20	50	16.7	9.1	19.4	58.5	11.6	5
2241	15	2012	NA	56	16.8	5.1	20.5	59	11.5	28
3040	15	2012	1.5	37	17	9.3	19	58.5	11.3	28
2760	15	2012	20	36	17.8	8.9	20.7	63	10.7	5
5161	15	2012	6	86	17.8	8.6	20.1	58	11.4	29
6725	15	2012	1	63	16.2	5.4	19	56.5	11.5	26
2912	15	2012	16	58	17.7	6.1	19.8	55.5	10.8	29
6723	15	2012	6.5	46	17.4	5.4	19.8	58.5	10.5	26
6053	15	2012	13.5	42	17.4	8.1	20.2	59	11.5	5
6527	15	2012	13.5	33	18.5	3.9	20	62	11	28
6463	16	2012	4.5	24	18.7	5	20.6	59.5	11.8	26
463	16	2012	6.5	38	17.7	4.2	19.6	58	10.9	33
935	16	2012	9	77	18.8	7.3	20.8	57	11.2	29
6876	16	2012	5	61	17.5	9.5	19.6	57	12	31
6146	16	2012	12.5	87	18.5	4.3	20.6	58.5	12.3	26
5019	16	2012	4	55	18.2	7.5	19	60	11.8	29
1895	16	2012	0	73	17.5	7.6	18.5	57.5	10.8	15
2385	16	2012	2	68	18	7	19.7	58	10	15
6488	16	2012	NA	50	17.1	7.1	19.1	58.5	11.4	26
3198	16	2012	1	66	18	10.1	19.9	58	11.1	28
3612	16	2012	0	63	17.1	9	20.2	57.5	11.9	9
7012	16	2012	1	51	16.2	5.9	19.8	59	12.1	33
3618	16	2012	8	55	18.2	4.6	21.5	58.5	11.5	15
5922	16	2012	0	56	18.8	3.4	20.7	57	11.7	4
2558	16	2012	17.5	60	NA	NA	NA	NA	NA	29
6478	16	2012	22.5	57	18.4	6.2	20.6	58	11.1	26
1949	16	2012	0	29	18.7	9.2	18.7	62	8.8	28
379	16	2012	10	47	18.6	8.8	19.9	58.5	11.4	5
472	16	2012	15	32	18.1	7.4	20.5	61.5	11.5	28
5997	16	2012	0	55	17.7	3.4	20.2	58.5	11.7	29
451	16	2012	10	28	18.7	4.5	20	61.5	11.9	29
4871	17	2012	3.5	60	18.8	6.6	21	59.5	11.6	9
3091	17	2012	10	35	18.3	8.5	20.7	58	11.7	28
1964	17	2012	10	50	18.6	3.8	20.5	58.5	11.1	29
2899	17	2012	17.5	99	18	9.5	20.5	57.5	11.2	15
3207	17	2012	NA	45	18.3	4.4	19.8	59	11.2	32
6754	17	2012	0.5	89	15.9	7.3	19	58.5	11.5	9
6348	17	2012	10.5	72	17.8	9.4	19.6	59	11.7	33
2869	17	2012	5	76	17.8	9.8	19.6	60.5	10.9	26
1071	17	2012	5	73	18.5	5.6	19.7	58.5	11.5	28
3026	17	2012	10	60	16.7	3.7	22.7	57.5	11.4	37
486	17	2012	NA	21	17.5	5.1	21	60.5	10.2	37
6518	17	2012	1	53	16.8	9.2	19.1	59	11.6	9
5940	17	2012	NA	55	17.2	6.2	19.8	58	11.4	4
6443	18	2012	NA	56	18.2	7.6	19.5	56	11.6	15
3078	18	2012	20	56	16.4	6.4	20	58.5	11.7	32
2877	18	2012	7	38	17	7.8	20.2	58	11.2	31
3027	18	2012	1	60	18.2	7	20.3	56.5	11.1	31
3406	18	2012	15	65	18	7.9	21	59.5	11.5	37
6847	18	2012	20	46	16	7.2	19.5	58	10.2	15
373	18	2012	NA	42	18.3	4.2	19.7	61	11.5	28
6350	18	2012	20	101	17.6	7.4	20.5	59.5	11.6	33
2903	18	2012	10.5	103	17.5	4.9	20.9	58	11	15
6462	18	2012	12	81	16.8	3.5	20	56.5	11.3	15
952	19	2012	0.5	34	17.5	12.4	20.1	60	11.8	15
6785	19	2012	1.5	67	17.8	6.8	19.3	57.5	11.5	26
6715	19	2012	4	43	NA	NA	20.5	NA	11.3	31
5428	19	2012	2	76	16.7	5.2	18.3	60.5	11.7	28
416	19	2012	5.5	60	17.2	7	19.2	57	11	15
3037	19	2012	6	74	19.2	9.2	20.8	57	11	31
5570	19	2012	8	86	17.5	6.8	20.2	56.5	11.9	5
6528	19	2012	3	3	17	7.1	19.8	58.5	11	28
1938	19	2012	4	65	18	7.3	19.1	59	11.4	31
2338	19	2012	10.5	85	17.8	5	20.4	58	11.5	9
1235	19	2012	14.5	43	18	7.9	19.5	NA	11.1	15
3038	19	2012	3	54	18	4.5	20.8	60.5	11.4	15
2495	19	2012	19	88	16.8	9.6	20.5	59	11	15
3599	19	2012	NA	60	18.5	6.3	20.3	58.5	11.7	26
6786	19	2012	11.5	68	17.2	4.6	20	60.5	11.5	26
6030	19	2012	4	67	18.8	9.7	20.1	58	11.2	15
6693	19	2012	9.5	76	17.6	4.3	20.3	61	11.7	28
1902	19	2012	2	30	17.5	7.4	19.9	57	11	31
6787	19	2012	1	62	17.5	5.2	20.1	58	12.2	26
1234	19	2012	13.5	21	18	6.8	22	63	11.4	15
1890	20	2012	NA	83	19	9.8	21	60	10	15
5678	20	2012	5.5	64	16.7	5.6	20	57	10.1	32
5168	20	2012	6	76	18.5	9.1	20.4	56	11.4	32
6099	20	2012	6.5	62	16	6.8	18.9	56.5	11.9	26
2802	20	2012	5	51	17	9.1	19.2	57.5	11.4	31
2081	20	2012	20	71	17.2	9.3	19.6	60	10.9	28
1944	20	2012	11	69	18.5	10.5	19.7	60	11.4	34
2513	20	2012	0	57	17	5.9	20.4	56.5	11	15
2416	20	2012	7.5	62	16.9	7.6	19.2	56	10.6	31
5021	20	2012	10	69	17.8	9.4	20.5	58	11.9	4
1892	20	2012	NA	50	17	8.1	19.5	56	11.4	15
2914	20	2012	6	72	17.5	7.3	20.2	58	12.2	9
2907	20	2012	2	12	17	8.1	20.4	57	11	15
2635	21	2012	5	41	16.8	3.6	20.2	58	10.6	15
2467	21	2012	15	66	16.5	4.1	19.5	59	11	26
6592	21	2012	6.5	60	17.3	5.2	19.3	58.5	10.9	29
1340	21	2012	NA	7	17.8	4.3	20	56	10.4	31
2077	21	2012	4.5	66	17.1	4.7	19.9	57	11.7	31
4860	21	2012	6	95	18	7.1	20	59	11.5	15
2938	21	2012	1	51	16.2	3.7	20.1	57.5	10.9	26
493	21	2012	NA	56	17.5	5.6	20	59	10.5	31
1361	21	2012	7	53	17.2	3.8	20.6	57	10.3	31
5592	21	2012	NA	79	17.8	5.1	20	59	11.2	5
2468	21	2012	20	24	17.5	5.3	19	55.5	11	15
428	21	2012	16	76	17.2	5.9	20.1	58	10.8	15
2460	21	2012	5	86	16.8	6.4	19.9	56.5	11	31
5152	21	2012	15	45	17.1	5.2	19.7	58	10.8	9
1930	21	2012	5.5	5	16.5	5.5	19.2	56.5	10.8	15
2288	21	2012	14	71	17	3.8	19.5	59	12	15
1306	21	2012	8.5	57	17	6.7	20	57.5	10.3	15
2935	21	2012	15	29	16.2	3.3	18.5	61	11.5	5
8282	10	2013	12.5	58	16.8	3.5	19.9	57.5	11.2	42
3099	10	2013	15	61	17.5	6.2	19.7	58	12.5	44
2950	10	2013	20	70	17	7.5	19.5	58	10.5	15
6208	10	2013	4	110	16.8	4.8	19.6	57	11.5	48
8364	10	2013	1.5	34	17.6	4	20.7	57	10.8	46
8440	10	2013	3.5	13	15.4	8.4	19	57.5	11.3	48
7924	10	2013	NA	40	17.7	6.3	20	57.5	10.2	44
8290	10	2013	10	79	16.4	3.8	19.6	57.5	11.5	48
6074	10	2013	0	49	17.9	3.6	20.7	59	11.4	41
6334	10	2013	25	38	19.3	5	20.6	60.5	11.4	46
2210	11	2013	11.5	89	17.5	5.8	19.5	58	11.6	15
2837	11	2013	NA	63	17.4	5.7	20.6	59	11.3	48
3617	11	2013	NA	47	17	5.9	20.8	60	11.2	45
8292	11	2013	NA	78	17.2	6	20.6	58.5	10.7	48
2834	11	2013	NA	48	17.9	8.5	20	59	11.3	42
7289	11	2013	NA	3	17.3	7.5	20.2	57.5	11.5	48
1499	12	2013	NA	2	18.8	7.9	20.3	60	11.1	26
2217	12	2013	NA	70	18.4	7.8	20.5	60.5	10.8	26
9061	12	2013	0	75	NA	NA	NA	NA	NA	26
3258	12	2013	1.5	78	18	8.4	20.5	59.5	10.5	15
3611	12	2013	14	46	18	6.9	19.9	59	10.9	45
7888	12	2013	2	60	18.1	4.2	20.7	58.5	10.7	41
8146	12	2013	2	78	18.4	7.3	20.1	59	11.3	26
8624	12	2013	5	59	18.5	7.7	20.4	59.5	11.6	41
1993	13	2013	20	23	17.4	5.5	19.9	61	11	26
3360	13	2013	0	33	17	4	21	60	11.5	15
3306	13	2013	15	40	17.6	4.1	21.2	60	11.8	15
6728	13	2013	3.5	53	18.5	4.6	19.6	60.5	11.4	15
7281	13	2013	4	7	18	5.3	18.8	61.5	10.4	15
2381	13	2013	3	85	17.7	3.7	20.6	60	10.5	15
1851	13	2013	20	47	17.4	3.8	20.6	59	12	42
8750	13	2013	1.5	72	18.5	4.8	20.5	60	10.9	15
5618	13	2013	14	71	16.5	4.6	19.9	58.5	10.5	48
7926	13	2013	NA	22	17.5	3.9	20.3	59	10.5	19
1210	13	2013	NA	101	17.8	7.4	20.9	62.5	11.9	26
2264	13	2013	25	69	17.4	8.9	19.1	58.5	10.7	46
422	13	2013	2.5	67	17.3	4.8	19	58.5	12	42
6979	13	2013	20	33	18.1	4	20	57	11	26
691	13	2013	NA	4	17.8	6.4	21.1	57.5	11.2	15
480	14	2013	15	20	18.1	7.5	19.7	58	11.6	46
8981	14	2013	5	54	18.6	8.3	19.8	61.5	11.8	41
398	14	2013	20	21	17.3	7.5	19.6	57.5	10.9	46
2220	14	2013	9	75	17.1	8.4	20.2	58	11.9	41
8772	14	2013	NA	83	16.7	5.3	20	60.5	11.5	19
3610	14	2013	12	50	17.5	3.8	20.4	59	11.4	26
9144	14	2013	0	57	16.9	4.9	19.9	57.5	10.5	48
8764	14	2013	0	54	16.7	3.5	19.7	59.5	12.2	19
6507	14	2013	NA	58	17.1	3.8	20.5	58.5	11.5	44
7290	14	2013	3	39	17.2	3.6	20.9	59.5	11.7	45
9113	14	2013	17.5	59	18.5	6.4	21.1	64.5	11.6	41
713	14	2013	4.5	20	16.9	4.1	19.6	60	11.2	26
6052	14	2013	25	64	18.6	4.7	19.8	58	11.2	44
6054	14	2013	NA	76	15.7	4.2	18.8	57.5	11.8	19
3138	14	2013	20	68	17.3	4.5	19.9	60.5	10.5	44
8844	14	2013	NA	41	16.6	3.4	19.9	59.5	11.5	41
6596	14	2013	10	46	18.6	3.7	19.7	60	11.7	41
5405	15	2013	13	61	17.3	5.1	20.5	58.5	11.3	19
5115	15	2013	5	102	16.3	5.4	19.6	60.5	10.8	46
8887	15	2013	15	56	17.9	5.7	20.2	58	11	26
6542	15	2013	NA	NA	NA	NA	NA	NA	NA	41
9035	15	2013	NA	95	17.2	4	19.8	59.5	11.4	19
8886	15	2013	7.5	53	16.4	6.3	20.3	58.5	11.6	26
6053	15	2013	8	51	18.4	3.6	20.3	61	11.3	26
8891	15	2013	NA	26	18	4.3	20.4	60	10.8	41
7220	15	2013	8.5	66	17.3	4.2	19.6	60	11.1	45
8687	16	2013	0	88	17.4	3.4	20	61	10.8	48
5935	16	2013	17	68	16.9	4.8	19	57.5	11	46
2385	16	2013	NA	55	17.3	4.4	19.8	61	11	45
1895	16	2013	15	73	16.9	3.8	18.9	60.5	10.9	44
463	16	2013	5	42	18	7.4	20.4	59	11.5	41
8820	16	2013	15	75	17.2	5.6	19.2	58.5	11	41
7012	16	2013	NA	43	17	3.4	20.4	59.5	11.3	48
2594	16	2013	1	49	17.7	4.7	20.6	60	11.7	9
3612	16	2013	NA	43	17.6	5.7	20.2	57.5	11.7	9
2501	16	2013	15	64	18.1	6.6	20.4	60.5	11.5	9
7287	16	2013	7	57	17.1	5.7	20.3	58	11	41
8849	16	2013	NA	68	18	5.8	20.2	60.5	11	45
5922	16	2013	30	73	18.5	4.3	20.5	59	10.8	9
6478	16	2013	NA	59	18.6	6.1	21.3	60.5	11.1	45
9075	16	2013	2	61	18	4.8	21	60	11.5	41
472	16	2013	5	26	19.5	4.1	21	62	12.5	44
5997	16	2013	3.5	65	18.5	7.6	20.3	59.5	11.1	48
3091	17	2013	0	36	16.8	6.8	21.1	59	11.4	5
1964	17	2013	15	10	19.2	4.5	20.2	58	10.7	44
8808	17	2013	25	75	17.5	6.7	20.3	59.5	11.3	5
5940	17	2013	15	NA	17.7	6.6	19.8	58.5	11.5	15
2899	17	2013	20	4	19.2	5.6	20.7	59.5	12	41
8888	17	2013	0	75	18.5	3.7	19.6	58.5	11.5	19
2869	17	2013	8	93	19.1	3.4	20.3	62.5	11.4	19
3207	17	2013	NA	54	18.4	5.3	20.1	61	11.3	19
3026	17	2013	NA	45	17.6	4.3	19.5	59	11.2	44
486	17	2013	15	22	18.1	8.1	20.3	61.5	11.7	48
483	17	2013	15	28	18	5.5	20.7	62	11.4	19
2877	18	2013	4	65	17.9	8.1	20.6	60	11	45
7190	18	2013	10	43	16.8	3.7	20.1	59	11.2	19
8833	18	2013	4	53	17.2	3.5	21	58.5	11.2	5
8995	18	2013	6.5	58	18.1	3.4	20.8	63	11.6	41
8845	18	2013	8	53	16	3.4	19.8	58.5	11.2	5
3077	18	2013	20	76	17.3	5.4	20.1	61	11.5	15
373	18	2013	NA	43	18.8	3.7	20	61	11.2	5
6356	18	2013	25	57	18.2	7.2	19.9	55.5	11.6	46
8846	18	2013	9.5	77	18.5	4.8	22	57.5	11.2	15
8525	19	2013	0	88	17.1	5.2	19.8	58	11.5	5
5428	19	2013	4.5	99	17.6	6.1	18.9	63	11.6	19
952	19	2013	1	2	17.9	4.9	20.1	60	11.9	19
3325	19	2013	12.5	29	18.2	3.7	20.6	58.5	11.4	46
6715	19	2013	4	29	19.8	7.2	20.6	59	11.7	19
8482	19	2013	6.5	8	17.7	5.7	19.8	58	10.1	44
416	19	2013	4	28	17.5	6.5	19.6	58.5	11.9	5
6943	19	2013	4	74	19.3	7.8	19.5	57.5	11.8	44
2338	19	2013	20	74	18.2	4.1	20.7	60	11.6	19
579	19	2013	15	57	16.7	3.7	20.3	61.5	10.9	48
7278	19	2013	2	74	17.4	7.2	20.4	58	11	44
2495	19	2013	15	87	17.4	6.2	20	58	10.5	44
8493	19	2013	8	50	17.7	3.5	17.8	59	11.2	44
6163	19	2013	15	63	17.7	3.1	20	55.5	11.5	5
8213	19	2013	0	56	17.5	7.4	19.2	59	11.5	45
3094	19	2013	5	68	19.2	3.4	20.6	61	11.2	26
5323	19	2013	0	57	17.6	5.9	19.8	58.5	11.3	26
8398	20	2013	0	89	17.6	7.4	19.7	59	11.4	5
1944	20	2013	15	77	18.6	6.7	20.6	60.5	12	19
8970	20	2013	1.5	87	17.3	4.3	19.4	60	10.9	44
5168	20	2013	14.5	86	18.6	6.7	20.3	59	11.2	5
8984	20	2013	7	78	17.5	6.9	20.1	59	10.6	26
2081	20	2013	NA	90	17.6	6.4	19.8	58	11.2	46
2178	20	2013	6.5	71	19.9	7.6	20.4	61	11.8	5
2416	20	2013	27.5	77	17.3	7.2	19.3	57.5	11.1	5
8167	20	2013	4	66	17.1	3.5	19.9	59	11.5	48
5021	20	2013	NA	39	17.7	5.6	20.6	59.5	11.9	41
8584	20	2013	NA	NA	NA	NA	NA	NA	NA	15
9071	20	2013	7.5	74	17.7	5	20.4	61	10.8	44
2907	20	2013	6.5	21	18.5	8.1	20.4	57.5	11.5	41
4975	20	2013	8	49	17.2	5.5	20.2	58	11.2	48
1892	20	2013	NA	42	16.8	3.5	19.9	58	11.1	45
4961	20	2013	0	68	18.1	8.1	20.6	56.5	11.9	46
2635	21	2013	10	66	17.1	3.9	19.8	59.5	11.3	42
8875	21	2013	20	57	15.9	3.5	20.3	59.5	11.1	26
8408	21	2013	NA	36	15.9	4.4	19	57.5	11.4	5
5013	21	2013	5	68	17.4	6.2	19.7	58	11.5	45
5650	21	2013	25	26	17.4	4.2	20.1	58	11.7	5
8214	21	2013	NA	73	17.7	3.4	20	58	12.1	45
8410	21	2013	NA	77	17.2	3.4	20.2	57.5	11.8	5
8688	21	2013	NA	57	18	4.3	20.9	59.5	11.3	44
6630	21	2013	0	73	16.7	3.9	20.1	58	10.8	46
8523	21	2013	NA	75	18.5	9.8	19.7	60	11.2	44
8280	21	2013	1	73	17.7	4	20.2	50.5	11.2	45
3099	10	2014	15	6	19.5	6	19.8	57	11.6	52
12142	10	2014	NA	60	16.8	4.7	21	58	11.5	52
10142	10	2014	8	40	17	3.2	19.9	59.5	11.4	50
2950	10	2014	NA	38	16.5	5.2	19.3	58.5	10.6	19
8290	10	2014	NA	130	16.8	6.6	20	60	11.2	42
6208	10	2014	NA	72	16.6	5.6	19.3	58	11.3	19
10140	10	2014	20	59	17.9	7.8	20.6	60	11.6	51
11652	10	2014	1	82	17.9	7.8	20.5	57.5	12	50
2259	10	2014	NA	58	17.4	3.4	19.2	61.5	10.7	19
10104	11	2014	10	65	17.1	8.6	20.6	56	11.5	19
11211	11	2014	5.5	87	17.4	5.6	20.6	58.5	12	51
11756	11	2014	1	59	16.8	6.7	19.6	57.5	11.6	55
8387	11	2014	0	121	15.8	6.1	19.5	56.7	11	53
10106	11	2014	13	71	17.5	5.6	20.6	59	11.6	51
10109	11	2014	12.5	43	17.7	9.5	21.3	57.5	11.4	51
2834	11	2014	NA	48	18.2	3.6	20.9	53	11.5	51
6204	11	2014	15	49	NA	NA	NA	NA	NA	NA
11267	11	2014	13.5	53	17	7.8	18.6	60	10.5	52
9061	12	2014	NA	122	17.3	4	21.1	57	12.1	50
10100	12	2014	5	28	17.4	4.6	20.1	61	11.6	51
9195	12	2014	11.5	101	15.9	4.5	19.6	58	11.4	50
11432	12	2014	15	98	18.2	4.3	20.4	59	12	50
10093	12	2014	10	64	17.8	4.1	20.2	57	12.4	50
11759	12	2014	15	55	17.7	4.7	20.4	59	11.9	19
11623	12	2014	10	93	18.5	4.7	21.3	60	12	50
9482	12	2014	20	54	17	7.7	20	58	11.6	15
9568	12	2014	15	83	17.6	9.1	20.8	59	11.1	26
3611	12	2014	15	49	19	8.4	20.5	59	11.5	15
10380	12	2014	NA	81	17.7	6.8	20.5	58.5	12	42
9133	12	2014	NA	69	18	7	19.6	56	10.5	15
8069	13	2014	5	75	16	7	19.6	56.5	11.8	51
6728	13	2014	NA	50	18.2	4.8	20	60	10.8	50
12146	13	2014	NA	93	15.5	6.4	19.7	58	10.7	52
10132	13	2014	NA	35	18.2	6	20.5	59	11.5	5
11442	13	2014	NA	87	17	8.7	21.1	58	11.7	50
10933	13	2014	2	54	16.7	6.4	20.3	57	11.8	5
2381	13	2014	NA	101	18.1	5.6	20.5	60	11.2	51
11266	13	2014	15	59	17.7	6.5	21.5	58	11.5	53
1851	13	2014	40	13	16	3.8	21	55.8	11	15
11236	13	2014	NA	95	17.6	6.1	21.5	59	11.3	26
10771	13	2014	10	78	17.5	5.6	19.5	60	12	15
11157	13	2014	17.5	33	17.2	6.5	20	60.5	11.2	19
6979	13	2014	14	54	18.7	6.2	19.4	57	12	50
9118	13	2014	0	75	18	7.5	20.5	60.5	11	50
398	14	2014	12.5	82	16.6	6.6	19.4	58	11.1	42
480	14	2014	10	19	17.5	7.3	19.8	58	11.3	53
9704	14	2014	18	68	17.7	8.3	19.8	61.5	10.9	19
8772	14	2014	30	104	17.5	7.5	20.2	60	11.4	26
11819	14	2014	0	57	17.5	9.7	NA	55	11.1	55
12128	14	2014	15.5	33	16.7	6.1	20.5	59.5	12.2	51
3610	14	2014	27.5	44	17.9	10.1	20.4	57	11.3	50
8764	14	2014	17.5	62	16.6	7.6	19.6	60	11.8	52
713	14	2014	13	46	16.7	8.6	19.7	60	11.2	48
11926	14	2014	NA	90	19.3	4	21	60	11.3	19
11889	14	2014	1	69	18.9	8.5	20.4	62.5	10.4	48
6052	14	2014	NA	63	18.5	8.4	19	58.5	12.4	50
11920	15	2014	3.5	73	17.6	6.5	19.8	59.5	11.1	19
11922	15	2014	7	76	17.2	5.9	20.5	58	11.5	19
11994	15	2014	15	68	18	3.9	19.6	59	11.4	52
11996	15	2014	12	87	18	4.3	21.3	61	10.8	52
6725	15	2014	NA	58	16.9	7.3	19.2	57	12.4	42
11725	15	2014	17	79	17.6	8.8	20.3	58	11.2	42
12118	15	2014	15	78	NA	NA	21.1	58	11.8	55
6542	15	2014	2	33	16.8	5.2	20	59.5	12.1	53
2235	15	2014	NA	65	16.9	6.6	19.5	61	11.4	50
11832	15	2014	10.5	50	17.2	4.1	20.5	59	10.9	53
6053	15	2014	15	74	17.5	4.1	20.5	59.5	11.4	53
5048	15	2014	0	103	16.6	4.6	20.6	57.5	11.8	53
5223	15	2014	6	35	16.5	8.2	19.1	61.5	11.3	52
7220	15	2014	NA	48	15.7	6.8	19.6	59	11.4	19
9632	15	2014	14.5	85	16.6	5.4	20.3	57	11	42
11624	16	2014	17.5	46	18.7	7.9	20.4	60	11.7	19
2385	16	2014	NA	57	17.1	8.3	19.7	59.5	11	42
8603	16	2014	NA	74	17.7	8.1	20.3	58.5	11.6	19
11621	16	2014	10	99	18.1	9.2	20.4	57	11.4	19
11330	16	2014	NA	39	17.5	6.5	20.6	59	11.9	50
8478	16	2014	NA	84	17.1	9.3	19.8	57	11.4	53
10113	16	2014	15	49	17.8	7.6	20.3	58.5	12.4	50
11638	16	2014	NA	112	17.6	8	20.8	57.5	11.9	42
12035	16	2014	10	42	18	4.2	20.1	57.5	11.2	42
5922	16	2014	NA	86	18.1	6.2	20.1	54.5	11.2	50
10895	16	2014	0.5	33	17.7	6.3	19.9	59	10.6	51
10896	17	2014	6	101	17.4	8.4	20.2	58	11.5	53
4871	17	2014	20	78	16.6	6	21.2	60	11.3	19
11721	17	2014	2	59	16.8	8.8	20.7	61	11.7	19
6754	17	2014	8.5	93	16.1	5.7	19.2	59	11.1	19
9519	17	2014	20	61	17.2	8.5	21	62	11.6	19
3026	17	2014	24	44	17.2	5.9	19.4	59	11.1	51
3207	17	2014	NA	52	17.8	8	19.9	60.5	11.1	19
8888	17	2014	NA	85	17.8	9	19.5	60	12	51
6491	17	2014	17.5	86	16.8	5.5	19.9	58	11.7	53
8833	18	2014	25	37	16.5	4.9	20.8	59	11.3	52
8995	18	2014	NA	69	16.5	4.3	20.8	62	11.4	52
3406	18	2014	NA	51	17.9	5.7	21.3	60.5	11.3	19
9620	18	2014	6	47	18.8	4.5	20.2	57	11.4	50
11394	18	2014	2	47	18.2	4.2	20.5	61.5	11.2	19
11924	18	2014	10	72	16.4	4.3	19.7	58	12.4	50
11992	18	2014	6	46	17.3	4.9	20.5	57.5	11.5	51
11727	18	2014	NA	34	17.4	7.2	20.4	58	11.4	19
8845	18	2014	6.5	NA	16.5	4.6	19.7	60	11.6	52
6356	18	2014	NA	50	17	6.3	20.4	58.5	11.5	19
11640	18	2014	30	51	18.5	4.8	20.9	57	11.7	42
11576	19	2014	1	77	17.5	5.2	20.5	57	11.4	15
11567	19	2014	12.5	99	17.5	5.5	18.6	60	11.3	15
11081	19	2014	0	63	17.2	5.6	20.8	62	11.8	15
10779	19	2014	0.5	79	17.6	6.7	19.6	57.5	11.4	5
6715	19	2014	4	34	18.6	6	20.5	59.5	11	5
952	19	2014	1	36	16.5	8	20.2	60	10.6	52
5428	19	2014	NA	47	17.5	6.3	18.8	62	11.8	52
10370	19	2014	NA	83	18	8.1	20.8	60	11.1	19
10578	19	2014	10	80	16.5	3.8	20.2	59	10.2	26
11565	19	2014	13	83	16.5	6.2	19.4	58.5	11.9	15
8493	19	2014	NA	77	17.5	5.7	17.9	60	12	42
7278	19	2014	3	58	17.4	4.6	20.6	57	12	50
10748	19	2014	6	71	17.1	3.8	19.9	57.5	11.3	5
7277	19	2014	2	69	18.1	4.4	19.6	59.5	11.2	5
2803	19	2014	NA	47	18.2	4.6	20.2	61	11	15
2495	19	2014	2.5	73	17.2	6.5	20.2	60	11.3	42
1902	19	2014	10	29	17.2	6.1	19.6	57	10.7	42
6693	19	2014	18	82	18.2	7.6	20.3	59	11	15
3094	19	2014	2	72	19.1	7.4	20.4	60.5	11.3	19
10761	19	2014	NA	71	17.7	4.7	21.7	59.5	11.7	5
8398	20	2014	3	74	17.7	4	19.9	59.5	10.9	19
8984	20	2014	NA	52	17.6	8.3	21.6	60	10.7	26
8584	20	2014	3	66	17.8	7.9	20.1	60	10.4	26
5168	20	2014	NA	52	18.4	9.2	20.6	57	11.4	48
1944	20	2014	10	60	18.1	4.9	20.6	60.5	11.6	19
2178	20	2014	10	77	NA	NA	NA	NA	NA	50
7685	20	2014	25	82	16.1	4.7	19.6	57.5	11.5	5
1892	20	2014	15	50	17	7.6	19.5	56.5	10.5	15
2416	20	2014	14.5	37	18.1	6.3	19.6	59	10.9	19
8167	20	2014	1	46	17.2	7.3	20	58.5	12.1	51
11690	20	2014	NA	81	NA	NA	NA	NA	NA	52
10668	20	2014	16	94	17.3	6.7	18.5	55.5	10.3	19
4975	20	2014	7	35	16.9	4.2	20	60	11.6	5
4961	20	2014	1.5	85	15.6	7	20.3	60	11.6	15
4979	20	2014	12.5	91	17.5	7.2	19.8	58	11.1	42
10486	21	2014	14	82	18.1	6	20.3	60.5	11.6	19
2635	21	2014	3	45	17.2	3.2	20.4	60.5	11	42
10117	21	2014	NA	51	16	8.9	19.2	59.5	10.5	19
10934	21	2014	12	68	15.8	8	19.3	56.5	11.3	19
8408	21	2014	NA	48	16.2	3.1	19.2	57.5	11.2	15
5650	21	2014	10.5	43	18	7.8	20.2	61	11	15
9857	21	2014	NA	59	17.3	5.9	19.2	58	11.4	19
9300	21	2014	NA	33	16.6	8.1	20.5	56.5	10.5	53
10920	21	2014	NA	53	16.2	7	20.4	60.5	10.9	19
8410	21	2014	15	84	17	8.7	20	57.5	11.9	51
9276	21	2014	11.5	73	18.2	3.8	20.9	59.5	11.2	51
8214	21	2014	15	74	17.3	8.6	20.4	58	11.1	53
2162	21	2014	NA	65	16.8	3.5	19.2	58	11.2	15
8280	21	2014	12	98	17.6	9	20.1	59	11.4	42
12142	10	2015	6.5	67	15.7	4.9	20.7	60	11.3	19
12318	10	2015	12	61	17.4	5.8	19.5	60.5	11.5	19
14263	10	2015	17	89	17.5	6.1	20	57	11.7	42
2950	10	2015	19	73	17	5.6	19.9	57.5	10.3	59
14350	10	2015	15	86	18.1	8.4	20.3	59.5	10	58
12901	10	2015	10	28	16	4.2	20.6	57.5	10.8	58
14450	10	2015	NA	64	19.2	9.1	20.4	58	12.2	59
12902	10	2015	NA	65	17.8	9.4	19.7	55	11.9	59
14814	10	2015	15	69	18.7	5.5	20.8	60	10.9	57
10841	10	2015	12	36	15.5	4.3	19.3	57	10.3	60
14812	10	2015	0	64	18.1	5.1	20.5	57	11.4	59
10142	10	2015	17	37	16.8	8	19.1	59	11.4	19
11652	10	2015	13.5	67	18.5	7.3	20.9	60.5	11.4	19
14967	10	2015	NA	63	16.1	3.9	19.9	60	11.2	58
10143	10	2015	6	42	17.5	6.4	20.8	61.5	11.4	19
12144	10	2015	15	73	17	5	19.9	58.5	10.9	42
10104	11	2015	30	54	18	4.8	20.8	57.5	11.6	48
14169	11	2015	1	33	18.2	4.5	21	58	12.1	48
10108	11	2015	10.5	29	16.4	3	20	61	12.1	48
8387	11	2015	7.5	57	16.4	6.8	19.8	57	11	48
14268	11	2015	0	46	16.5	3.1	19.5	57.5	11.2	42
14372	11	2015	17.5	69	15.7	5.1	19.9	57	9.9	58
12887	11	2015	0	NA	NA	NA	NA	NA	NA	NA
14718	11	2015	0	107	16.9	6.4	19.6	60	11.2	19
13675	11	2015	NA	44	16.9	6.2	20.6	59.5	10.8	58
15113	11	2015	5	88	17.4	4.4	20.5	59	11.2	58
6204	11	2015	13	75	17.4	3.8	19.5	59	10.6	42
11267	11	2015	NA	38	18.5	5.5	19	62	10.7	57
14178	11	2015	15	60	18.8	7.3	20.6	NA	12	48
10211	12	2015	0.5	18	17.7	3.8	19.9	61	11.1	19
11145	12	2015	8	57	17.3	3.2	20	59	11.9	19
10794	12	2015	7.5	67	16.8	10.8	19.7	59.5	11.5	60
14793	12	2015	12	64	17.1	7.4	20.7	57.5	10.1	60
14265	12	2015	1	78	17.7	10	20.2	60	11.1	58
14102	12	2015	2.5	73	16.5	6.3	18.7	59.5	11.1	19
10906	12	2015	16.5	62	16.9	4	20.1	59.5	11.6	57
8146	12	2015	11.5	67	18	3.9	20.7	60	11.3	57
11278	12	2015	12.5	58	17.5	3.7	20.4	58.5	11	57
10385	12	2015	0	89	17.1	4.7	19	56	11.3	57
14396	12	2015	4.5	86	15	4.2	21	61	11.5	15
10380	12	2015	15	97	18	5.6	20.5	57	11.1	57
9298	12	2015	15	NA	NA	NA	NA	NA	NA	NA
10424	12	2015	15	43	17.6	3.9	20.4	57.5	11.2	58
15089	13	2015	8.5	41	18.6	8.9	20.4	60	11.8	57
15090	13	2015	0.5	72	17.5	8.1	21.3	57.5	11.3	57
10132	13	2015	16.5	41	18.5	4	20.6	59.5	11	42
12468	13	2015	1.5	105	17.6	8.6	20.4	60.5	11.6	42
11266	13	2015	17.5	70	17.9	3.8	21.2	60	10.6	42
2381	13	2015	4	74	18	9.9	20.3	60.5	11.5	57
14472	13	2015	9.5	73	20.5	3.1	21.1	60.5	11.8	59
13822	13	2015	10	60	20.6	4.4	20.7	58	11.6	42
10771	13	2015	12	53	17.5	6.8	19.5	61.5	12	15
12899	13	2015	15	53	17.7	10.4	20.2	59.5	11.7	1
12897	13	2015	4	71	17.7	11.3	20.2	61	12	1
1210	13	2015	3	109	18	10.2	21.1	58	11.7	59
10971	13	2015	9	74	17.1	7.2	19.7	57.5	11.1	57
14272	13	2015	10.5	137	17.4	9.1	18.8	59.5	11.3	42
14119	13	2015	15	42	17.7	9.4	20.2	60	11.2	19
8772	14	2015	12	81	17.5	3.7	19.8	58	11.4	1
480	14	2015	7	18	17.1	4	19.6	57	11.4	19
11819	14	2015	5	68	16.6	3.4	20.2	55.5	11.4	19
3610	14	2015	13	50	16.9	3	20.5	57.5	11.4	58
8764	14	2015	22	79	16.3	3.5	19.7	59.5	11.9	42
9704	14	2015	10	77	16.8	3.3	19.8	61.5	10.5	42
12862	14	2015	8	55	17.2	5	20.6	60	11.4	19
713	14	2015	8	3	16.9	3.6	19.2	57.5	11.8	59
11195	14	2015	1.5	33	17.2	4.1	20.6	58	12.3	48
6507	14	2015	12	63	17	4.8	20.3	59	11.2	48
12857	14	2015	7.5	55	17	5.2	19.9	59	12.4	1
6052	14	2015	18	42	17.4	3.6	20.2	61	11.3	48
14829	14	2015	4	31	18	4.6	19.9	57.5	11.6	48
10412	14	2015	NA	96	17	5.6	20.5	57.5	10.8	60
11920	15	2015	NA	60	18.5	9.2	19.9	59.5	11.4	57
14927	15	2015	2.5	93	17.2	8	19.8	58	11.4	58
14930	15	2015	11.5	87	17.4	9.8	21.4	58	11.1	58
14762	15	2015	7.5	59	17.8	7.8	20.5	59	11.3	15
14511	15	2015	9	81	18.4	10	20.5	59	11.5	57
11725	15	2015	8	83	18.9	3.4	20.1	58.5	10.8	59
14319	15	2015	20	50	15.5	7.5	19.5	57	11.2	15
5048	15	2015	4.5	93	16.5	8.5	20.9	58	10.7	58
11832	15	2015	1	40	17.3	3.5	20.2	59	10.6	19
15055	15	2015	NA	75	17.3	5.6	19.7	58	12.3	58
15025	15	2015	13	68	17.3	4.8	20.7	60.5	11.3	57
14951	15	2015	8	46	19.8	4.4	20.4	59	11.1	59
7220	15	2015	15	49	17.2	8.7	20.2	57.5	10.4	58
9770	15	2015	NA	89	17.7	3.5	20.4	61.5	11.5	19
14462	16	2015	NA	38	17.5	6.1	19.3	55	11.6	59
14832	16	2015	NA	85	17.1	7.5	20.7	61.5	11.2	48
11541	16	2015	3	77	17.9	6.3	20.4	59	11.7	42
12826	16	2015	3	61	15.8	5.2	19.5	57	10.7	58
14830	16	2015	20	62	17.2	8.3	20.1	58	11.6	48
11513	16	2015	NA	78	17.4	7.6	20.4	61.5	11	42
14833	16	2015	5	90	18.5	8	20.5	59	11.2	19
12938	16	2015	2	50	17.3	7.7	19.5	59	11.6	1
10113	16	2015	12.5	41	17.4	6.6	20.4	60.5	11.3	58
12939	16	2015	18.5	37	16.6	6.4	19.6	55.5	11	59
7286	16	2015	14	63	16.4	7.6	19.9	58.5	11	19
14323	16	2015	14	78	18	8.4	19.5	60	11	42
12035	16	2015	NA	39	17.9	3	20.6	57	10.6	58
11396	16	2015	NA	66	18.2	7.5	21.1	60	11.3	59
14321	16	2015	8	80	17.1	6.1	20	58.5	11.6	42
10145	16	2015	2	91	16.9	6.3	20.4	59.5	10.5	58
10895	16	2015	5	46	17.7	3.5	20.1	57	12	59
12475	17	2015	9.5	91	17.3	3.7	19.6	57.5	11.5	42
6754	17	2015	NA	34	16.8	8.2	19.1	57.5	11	57
14340	17	2015	25	116	18.5	8.7	19.4	58	12	59
6491	17	2015	NA	59	17.7	4.5	19.5	54.5	11	60
14931	18	2015	NA	65	18.1	9.1	21.3	58	10.1	60
8995	18	2015	NA	80	18.1	7.9	20.9	59	10.7	60
14957	18	2015	1	108	17.1	6.5	19.9	60.5	10.9	19
11992	18	2015	NA	56	17.2	4.7	20.5	56.5	11.1	57
14953	18	2015	25	58	17.8	4.7	20.7	58	10.8	19
11924	18	2015	12	81	17	6.1	21	58	11.4	15
3077	18	2015	0	56	17	8.4	19.4	56	10.7	60
14866	18	2015	4	62	17.9	5.7	20.4	59	11.6	19
14955	18	2015	18	76	18.2	3.5	20.6	59.5	11.3	19
14850	18	2015	15	66	17.2	NA	21	57	11.4	15
8845	18	2015	NA	74	16.5	6.6	20.1	59.5	11.1	57
12911	18	2015	6	54	17.1	6.3	20.9	58.5	11.1	58
12519	18	2015	17	60	17.6	5	20	60.5	11.2	60
14409	19	2015	2	90	18	8.8	20.1	61	11	19
11576	19	2015	1	70	17.5	5.1	21	58.5	11.2	58
11076	19	2015	15	60	17.5	5.8	20.7	58.5	11.8	19
12915	19	2015	2	49	18.4	7.6	19.5	61	11.4	57
14919	19	2015	14.5	99	17	10.6	20.1	57	10.7	57
14824	19	2015	7	67	17.2	4.6	21.3	61	11.3	60
12112	19	2015	1	34	16.5	6	19.6	59	11.9	15
10578	19	2015	5	11	16.9	6.6	19.7	59	10.9	19
10125	19	2015	5.5	55	18.6	9.2	20.3	60.5	11.7	19
10717	19	2015	6.5	69	17.1	3.9	19.6	55.5	11.5	60
2495	19	2015	5.5	95	17.4	9	19.4	59.5	11.1	60
10991	19	2015	3	50	17.4	3.4	21.2	58	11	58
11565	19	2015	15	81	18.1	7.9	19.2	61.5	11	57
11118	19	2015	24	72	16	2.7	19.8	58	10.5	15
10479	19	2015	12	38	16.5	-2.5	19.6	55.5	11.6	15
7277	19	2015	17	63	18.2	8	20.4	59	13.1	59
10748	19	2015	8	63	17.2	7	20.1	57	10.9	59
2803	19	2015	18.5	56	18.2	6	20.6	59.5	11.1	59
8213	19	2015	NA	60	17	3.2	20	59.5	11.5	15
982	19	2015	NA	35	17	5.7	20.5	59.5	11.4	60
10391	20	2015	3	78	17	3.4	19.6	58.5	10.8	60
14038	20	2015	2	89	NA	NA	19.6	55	11.2	60
14827	20	2015	10	85	17.6	7.2	19.8	57.5	10.4	42
8584	20	2015	6	63	17.2	10.1	20.4	59	10.7	42
14553	20	2015	4	66	17.6	9.1	19.6	57	11.3	42
8984	20	2015	2	78	17.9	7.2	19.6	58	11.3	42
1944	20	2015	NA	93	18.6	9.1	20.4	59	11.5	19
14010	20	2015	0.5	131	15.7	8.3	20.1	58.5	10.1	42
10138	20	2015	2	61	16.8	9.7	20	57	10.5	42
9856	20	2015	NA	77	19	9.9	19.8	60.5	11.8	57
5021	20	2015	NA	57	17	9.1	20.3	59.5	11.5	42
4979	20	2015	NA	75	17.5	8.3	20.3	58	10.8	60
10189	20	2015	20	78	17.3	8.8	19.9	59.5	11.3	42
4975	20	2015	NA	38	17.5	9.4	20.1	57.5	11.2	60
1892	20	2015	15	34	16.7	11.1	19.2	56.5	11.2	19
4961	20	2015	12	77	17.5	10.9	19.7	57.5	10.8	60
2635	21	2015	10	33	17.3	4.1	19.3	59	10.4	60
10486	21	2015	2	88	18.5	4.7	19.3	61	11.4	60
12233	21	2015	1	21	18.6	5.3	20.6	59	11.4	48
10117	21	2015	8.5	51	16.2	4	19.2	60	11.1	19
10934	21	2015	1.5	65	15.8	2.8	18.4	56	11.3	60
14400	21	2015	1	56	17.6	3.1	20.3	58	11.6	19
9340	21	2015	10	26	17.9	4.7	20.9	60	12.2	48
12943	21	2015	6	68	16.9	3.3	20.1	58	11.2	42
14858	21	2015	10	60	20	7.6	20.2	57.7	11.6	59
15555	21	2015	7.5	48	16.8	4.3	18.9	59	11	57
10876	21	2015	12.5	68	17.1	5.8	20.4	55	11.7	48
14532	21	2015	3	79	17.7	3.1	20.2	60.5	11.3	42
8408	21	2015	1.5	38	16.5	6.1	20	56.5	11	15
9857	21	2015	NA	54	17.4	5.4	19.4	60	12	48
14716	21	2015	13.5	93	18.5	5.5	19.1	57	12.5	48
5213	21	2015	10	76	16.8	4.3	20.2	59.5	11.2	42
10865	21	2015	17.5	61	17.7	3.4	20.7	59.5	11	42
14000	21	2015	7.5	97	16.2	5.3	19.8	60	11.1	42
14399	21	2015	4	79	18.1	3.2	19.2	57	11.3	60
14218	21	2015	1	68	18.5	3.9	20.2	60.5	11.5	57
12941	21	2015	10	85	17.7	2.8	19.3	60.5	11.3	42
14979	21	2015	9.5	95	17.6	7.5	19.3	57	11	57
14714	21	2015	5	100	17.5	6.7	19.8	56.5	11.2	42
14721	21	2015	12	74	17.2	5.9	19.4	60	11.3	42
14941	21	2015	NA	57	18.1	3.9	20.1	58	10.1	42
17603	10	2016	NA	26	18	4.4	19.6	58.5	11.7	19
17716	10	2016	0.5	75	15.5	4.9	18.5	59	10.3	64
12318	10	2016	NA	57	16.6	4.4	19.6	58	10.2	64
17120	10	2016	NA	63	18.8	10	20.4	59.5	11.7	66
13564	10	2016	NA	41	NA	NA	NA	NA	NA	NA
17115	10	2016	4	44	17.3	10.4	18.6	59	10.3	63
14350	10	2016	15.5	70	19.2	10.1	20.8	58	11.1	65
17598	10	2016	17	34	16.8	3.6	19.5	56	11.5	1
11652	10	2016	NA	61	18	6.2	20.9	59.5	11.3	19
10143	10	2016	NA	52	17.6	6.6	20.8	62	11.2	19
17600	10	2016	NA	47	16.4	3.4	19.9	58.5	10.8	19
16074	11	2016	0	32	17.5	4.6	21	58	10.7	63
15371	11	2016	15	63	18.1	8	19.3	59.5	10.2	66
14268	11	2016	3	42	17.3	3.3	19.5	59	11.2	61
12887	11	2016	8	45	16.2	3.6	18.9	59	10.8	19
17497	11	2016	NA	75	18.5	4.9	21	61	10.4	64
18058	11	2016	5.5	33	18.2	4.9	21	61.5	11.5	64
11267	11	2016	20	3	18.9	8.8	21.6	61.5	10.3	63
12885	11	2016	2.5	61	18.3	7.5	22.2	61	10.9	63
12879	11	2016	20	64	17	6.7	19.5	58.5	10	64
15219	12	2016	NA	75	17.4	8.6	20	60	11.4	1
10794	12	2016	0	87	16.3	6.5	20.3	60	11.2	19
10100	12	2016	19	49	17.7	9.3	19.7	61	11.2	65
15398	12	2016	NA	65	17.8	7.2	20.4	58.5	12	66
10093	12	2016	8	61	17.6	5.5	19.6	58	11.2	63
9195	12	2016	NA	36	16.2	8.5	19.1	59	11	66
15528	12	2016	NA	46	NA	NA	NA	NA	NA	NA
15528	12	2016	NA	46	16.6	9.8	19.9	60.5	11.8	66
3620	12	2016	18	46	17.9	4.3	21.7	59	11	63
16561	12	2016	0	63	17.1	3.7	20.4	58.5	10.7	19
10906	12	2016	3	36	18.5	8.3	20.2	60.5	10.2	64
8146	12	2016	6	62	18.3	7.9	20.3	61	11.5	66
10380	12	2016	20	68	19.1	6.3	19.7	57.5	10	64
17634	12	2016	10	71	18.3	9	19.5	58.5	11	61
11220	12	2016	0	75	18	8.8	19.1	61	11	64
16599	12	2016	NA	68	18.5	7	22	61	12.5	64
15561	13	2016	12	27	17.2	3.7	18.2	60.5	11.1	66
11266	13	2016	17	53	18	4.7	21.1	60	11.3	66
15564	13	2016	8.5	48	17.2	6.6	20.2	57.5	11	1
12899	13	2016	20	47	17	3.6	19.9	60.5	11.2	66
17604	13	2016	NA	29	16.7	5.8	18.8	57	11.5	19
10971	13	2016	19	68	17.2	4.4	19.3	61.5	11.1	66
16563	13	2016	3	51	18.3	4.4	19.8	59	10.2	64
17123	13	2016	0	53	16.7	3.8	20.6	59.5	11.2	63
15547	14	2016	1.5	55	17.6	7	19.7	58	11.1	19
17794	14	2016	15	78	16.2	3.6	21.2	59	10.5	63
15551	14	2016	6	41	16.9	4.5	20.2	61	11.2	61
12281	14	2016	NA	75	17.7	7	21	57	12	66
3610	14	2016	NA	51	17.2	9.5	20.2	56.5	10.7	63
17945	14	2016	NA	49	16.5	4	20.8	58	12.1	19
11195	14	2016	6	90	19.1	7.9	20.1	58.5	11.5	19
8764	14	2016	NA	64	17.5	8.4	19.6	60	12	19
14829	14	2016	NA	65	18.8	4	20	59.5	11.6	61
17768	14	2016	NA	54	18	3.6	20	59.5	12	66
17698	15	2016	8	48	17.7	9.3	18.9	58	11.5	66
11922	15	2016	20	33	18.4	9	20.3	58.5	11.6	66
17928	15	2016	NA	54	16.7	3.7	20.8	57	11.1	19
14930	15	2016	8	70	17	3.8	19.4	58.9	11	61
17926	15	2016	12.5	62	17	4	20.7	59	11.5	19
17699	15	2016	20	47	18.5	10.1	20	59	11	64
18268	15	2016	NA	48	17.3	3.4	21.3	58	11.3	19
12118	15	2016	12.5	85	17.2	3.7	20.6	59	11	19
14511	15	2016	NA	2	17.8	3.9	20.3	60	11.2	19
15548	15	2016	20	38	16.8	6.5	18.8	55	10.1	64
11832	15	2016	10	63	17.4	4.9	20.2	61.5	11.1	19
15122	15	2016	15	87	17.8	6.4	22	59	11.3	63
11669	15	2016	25	84	17	6.9	19.9	59.5	9.7	64
14951	15	2016	NA	49	17.9	3.6	19.9	60	10.6	19
18017	15	2016	NA	83	16.8	3.8	20.1	59.5	11.9	19
17534	15	2016	11.5	40	16.7	4.9	19.8	59.5	10.5	61
15271	15	2016	NA	61	17.4	5.5	20.6	60.5	11.5	61
14832	16	2016	20	96	17.7	7.3	20.7	62	11.7	48
15544	16	2016	11	50	17.5	4.4	18.8	57	10	64
15543	16	2016	10	63	17.1	4.9	21.2	59.5	11.9	63
17925	16	2016	NA	59	17.7	5.2	20.3	59	10.9	64
13071	16	2016	0	64	17.3	6	20.2	60	11.9	48
12784	16	2016	0	102	18	6.7	20.6	58.5	10.8	64
12826	16	2016	13.5	61	16.5	9.1	19.4	60	10.4	64
14830	16	2016	10	47	17.3	8	20.1	58	11.1	19
14833	16	2016	10	91	18	7.2	20.1	60	11.5	66
17923	16	2016	1	96	17.7	6.6	20.7	58.5	11.3	64
17979	16	2016	1.5	46	17.8	11.2	18.8	57.5	11.6	65
11479	16	2016	7.5	97	17.8	9.4	20.4	60	10.4	61
17195	16	2016	2	57	16.5	3.6	20.3	59	12.1	66
17981	16	2016	11	78	18.1	10.2	20.8	60	12.6	66
7286	16	2016	20	61	16.5	7.9	19.3	59	10.3	64
17073	16	2016	8	51	16.7	3.9	20	60.5	11.2	61
18074	16	2016	2	60	17.8	7	20.8	58.5	11.5	66
14705	16	2016	8	73	16.1	8	18.7	57.5	10.6	63
10895	16	2016	13.5	56	17.7	6.4	19.7	58.5	10.8	63
14961	17	2016	12	80	16.5	6.2	20	57	11.3	66
17072	17	2016	0	74	16.8	5.7	19.3	58.5	11.1	61
12475	17	2016	NA	52	17.2	4.7	19.7	58.5	11.2	19
17637	17	2016	20	56	17.6	5.1	19.7	58.5	11.6	19
15301	17	2016	0	61	17.2	4.6	20.2	61	10.9	61
17958	17	2016	8	54	17.3	4.1	19.3	58.5	11.2	19
3207	17	2016	NA	48	18.3	4.4	19.9	58	10.9	19
17579	17	2016	0	56	17.8	3.2	19.6	57.5	10.9	63
16675	17	2016	2	75	16.4	6.2	19.2	57	10.7	19
15567	17	2016	NA	46	17.3	4.2	19.9	58.5	11.5	19
3026	17	2016	15	20	17.2	5.4	19.9	59.5	10.4	61
18019	18	2016	10	54	18.4	5	21.8	60	12	19
14953	18	2016	NA	35	18.5	7.5	20.3	59.5	10.2	61
11924	18	2016	NA	66	16.7	7.4	19.3	59	11.3	19
17642	18	2016	NA	43	17.4	6.9	20.1	61	10.7	19
8845	18	2016	12.5	58	15.6	7.9	19.6	58.5	10.7	61
12519	18	2016	NA	59	17.5	5.6	19.7	62.5	11.3	65
17640	18	2016	NA	51	17.1	6.7	19.1	58	10.5	19
11076	19	2016	4	57	18.3	6.2	20.5	60	11.6	64
15450	19	2016	2	50	18.1	3.4	20.6	61	11.2	19
10370	19	2016	5	72	18.5	4.5	20.4	59.5	11.8	66
11118	19	2016	20	53	17.4	3.6	19.1	56.3	10.4	64
10479	19	2016	4.5	12	16.3	7.3	20	58.5	10.4	63
7277	19	2016	NA	48	18	5.9	19.7	60.5	11	64
13217	19	2016	2	13	18.7	3.1	19.8	58	10.9	61
15139	19	2016	7.5	50	17.3	5	22.2	58	11	63
10392	20	2016	4	61	17.2	4.7	19.5	58	11.6	65
10391	20	2016	5.5	82	18.1	9.9	19.6	60.5	12.2	66
14038	20	2016	20	64	NA	NA	NA	NA	NA	NA
14038	20	2016	20	76	17	7	19.6	57	10.1	64
15533	20	2016	0	87	17.5	9.6	19.7	57.5	11.4	65
17124	20	2016	0	81	17.9	7.8	20.2	59	11.3	19
13572	20	2016	0	65	17.3	8.4	19.8	58	10.7	19
16083	20	2016	8.5	115	18.3	8.7	22.6	61	10.8	63
14827	20	2016	3	NA	NA	NA	NA	NA	NA	NA
17594	20	2016	8	85	18.6	6.6	19.6	59	11.5	65
13282	20	2016	0	106	16.4	7.3	19.3	55	11.2	19
16821	20	2016	25	40	17.7	4.7	20.3	59.5	10.9	64
15173	20	2016	20	84	16.8	3.5	20	56	10	64
9856	20	2016	0	98	18	5.9	20.4	61.5	10.9	64
13275	20	2016	0	47	16.8	5.7	20.3	58.5	10.1	64
7685	20	2016	12	62	16.5	7	19.8	57.5	10.9	65
17467	20	2016	NA	56	16.5	4	20	59	10.2	64
1892	20	2016	22	41	17.1	6	19.6	58	10.7	63
10668	20	2016	8.5	55	17.5	5	18.9	60	10.3	65
10569	20	2016	6	116	NA	NA	NA	NA	NA	NA
10569	20	2016	6	94	16	6.7	19.7	59	9.7	64
10189	20	2016	5	76	18	7.6	20.2	62	10.5	64
4975	20	2016	11.5	33	17.7	10.2	22.6	60	10.5	63
17645	20	2016	2	75	18	5.7	19.2	58	9.8	64
16751	20	2016	12	53	17.4	5	22.8	59.5	10.7	63
18075	20	2016	7.5	70	17.4	5.7	19.8	58	11.7	63
12943	21	2016	10	61	17.3	5.2	19.6	58.5	11	65
16676	21	2016	20	88	17.4	7.5	19.8	59	11.8	19
9340	21	2016	NA	57	17.9	4.6	20.8	60.5	11.3	65
14858	21	2016	12	29	17.6	7.1	21	59.5	11	61
10934	21	2016	7	52	15.7	5.3	19.3	57.5	11.1	19
14433	21	2016	2.5	50	16.6	5.8	20.2	58.5	10.8	19
15555	21	2016	7	21	17.5	4	19.3	60.5	10.8	65
8408	21	2016	5	67	17.5	5.7	19.1	59	11.3	19
9857	21	2016	13	25	17.5	3.7	19.1	57.5	11.6	66
15068	21	2016	NA	51	17.1	3.8	20	59.5	11.3	63
14399	21	2016	4	58	18.2	4.3	20.1	59	11.3	19
17498	21	2016	0	68	16.8	3.4	19.6	58.5	11.1	61
14218	21	2016	NA	49	16.6	3.9	19.8	60.5	11.1	19
10865	21	2016	18	58	18.4	4	20.7	61.5	10	64
17116	21	2016	7	44	16.1	3.7	20.2	57	11	19
